400
360
439
1,23
2,124
3,187
4,190
5,209
6,179
7,12
8,268
9,270
10,359
11,339
12,277
13,154
14,34
15,352
16,291
17,226
18,297
19,10
20,235
21,108
22,141
23,350
24,5
25,120
26,47
27,33
28,109
29,231
30,107
31,332
32,319
33,168
34,95
35,227
36,66
37,342
38,178
39,150
40,239
41,98
42,88
43,354
44,295
45,11
46,14
47,171
48,348
49,3
50,357
51,264
52,329
53,49
54,117
55,190
56,18
57,118
58,233
59,74
60,139
61,80
62,115
63,170
64,91
65,13
66,192
67,343
68,243
69,182
70,248
71,219
72,276
73,275
74,218
75,111
76,38
77,126
78,176
79,167
80,148
81,293
82,242
83,351
84,48
85,324
86,92
87,281
88,125
89,309
90,169
91,253
92,250
93,144
94,330
95,162
96,27
97,298
98,316
99,42
100,327
101,161
102,82
103,214
104,213
105,94
106,258
107,56
108,82
109,41
110,254
111,214
112,64
113,340
114,6
115,184
116,46
117,31
118,22
119,91
120,341
121,39
122,128
123,189
124,273
125,4
126,286
127,311
128,267
129,86
130,335
131,99
132,221
133,21
134,35
135,360
136,181
137,196
138,84
139,249
140,81
141,208
142,247
143,240
144,263
145,75
146,337
147,110
148,122
149,177
150,172
151,96
152,200
153,42
154,271
155,215
156,103
157,320
158,13
159,185
160,284
161,255
162,313
163,68
164,326
165,267
166,156
167,24
168,143
169,121
170,336
171,57
172,349
173,174
174,65
175,145
176,333
177,160
178,303
179,116
180,234
181,155
182,308
183,300
184,183
185,285
186,52
187,9
188,274
189,217
190,152
191,54
192,166
193,93
194,290
195,180
196,236
197,322
198,199
199,261
200,63
201,280
202,90
203,147
204,212
205,153
206,339
207,287
208,355
209,51
210,260
211,87
212,149
213,60
214,62
215,70
216,356
217,259
218,315
219,26
220,129
221,289
222,37
223,100
224,101
225,32
226,36
227,296
228,193
229,274
230,24
231,228
232,135
233,58
234,50
235,89
236,8
237,205
238,73
239,224
240,155
241,353
242,256
243,229
244,25
245,151
246,123
247,321
248,83
249,30
250,262
251,301
252,323
253,59
254,43
255,346
256,102
257,279
258,317
259,157
260,67
261,251
262,331
263,2
264,278
265,69
266,164
267,318
268,40
269,204
270,131
271,244
272,72
273,298
274,61
275,69
276,186
277,19
278,296
279,211
280,20
281,203
282,40
283,93
284,158
285,146
286,79
287,222
288,198
289,197
290,345
291,113
292,78
293,175
294,229
295,28
296,137
297,220
298,269
299,140
300,282
301,325
302,165
303,230
304,187
305,132
306,272
307,302
308,313
309,195
310,17
311,288
312,134
313,114
314,159
315,314
316,105
317,328
318,252
319,304
320,133
321,232
322,7
323,307
324,223
325,138
326,127
327,136
328,44
329,347
330,246
331,53
332,188
333,191
334,199
335,300
336,257
337,104
338,97
339,233
340,11
341,294
342,75
343,71
344,345
345,196
346,194
347,142
348,130
349,112
350,266
351,237
352,16
353,319
354,77
355,238
356,265
357,55
358,173
359,312
360,299
361,202
362,305
363,163
364,16
365,245
366,15
367,241
368,84
369,254
370,76
371,206
372,241
373,106
374,279
375,306
376,132
377,334
378,16
379,68
380,2
381,119
382,207
383,1
384,283
385,216
386,85
387,220
388,292
389,29
390,333
391,358
392,45
393,310
394,360
395,344
396,201
397,338
398,225
399,210
400,322
1,2
1,7
1,8
1,22
1,40
1,77
1,89
1,299
2,3
2,4
2,5
2,6
2,10
2,16
2,56
2,98
2,221
3,20
3,85
3,86
3,206
4,17
4,37
4,59
4,122
4,283
6,9
6,11
6,18
6,19
6,42
6,144
6,388
7,26
7,36
7,66
7,106
7,126
7,252
7,351
7,398
8,24
8,158
8,174
8,352
9,12
9,43
9,48
10,13
10,381
11,14
11,15
11,44
11,83
12,21
12,38
12,230
13,71
14,27
14,31
14,35
14,57
14,72
14,73
14,284
15,51
15,132
15,234
16,39
16,54
16,75
17,248
17,307
17,332
18,32
18,33
19,29
19,34
20,23
20,53
20,143
20,179
20,241
21,25
21,230
21,301
21,343
22,30
22,45
22,55
22,61
22,76
22,135
22,137
22,236
22,254
23,28
23,52
23,103
23,105
23,155
23,196
23,382
24,70
24,99
24,235
25,68
25,82
25,138
26,60
27,46
27,69
28,64
28,207
28,209
29,67
29,120
29,134
29,340
30,47
30,97
31,197
32,78
32,118
32,130
33,96
33,364
34,41
34,314
35,50
35,175
35,249
36,49
36,104
36,140
36,173
37,62
37,380
38,63
38,79
38,172
38,237
40,123
41,260
42,311
45,90
46,226
47,87
47,386
47,389
48,109
48,185
48,297
51,84
51,238
52,251
53,141
53,214
53,267
54,359
55,58
55,156
55,164
55,190
56,81
56,165
56,205
57,101
57,213
58,94
58,108
58,111
58,148
59,91
60,65
60,259
61,131
61,331
62,107
62,142
62,385
63,74
63,337
63,391
64,200
64,232
65,127
66,177
66,212
66,346
67,289
69,95
70,124
71,92
72,115
72,338
73,194
73,317
73,344
74,80
74,83
74,117
74,145
74,387
75,278
75,298
75,377
76,93
76,192
76,281
77,171
77,223
77,229
78,182
78,333
78,364
79,243
79,290
80,147
81,368
82,304
84,113
84,125
84,234
85,88
85,139
86,114
86,239
87,162
87,305
88,110
88,119
88,268
90,149
90,219
91,116
91,216
92,150
92,329
92,342
94,111
94,204
95,100
95,132
95,199
96,269
97,102
98,168
99,152
99,154
99,246
99,247
100,265
101,227
102,228
103,112
103,195
103,211
104,393
105,203
106,128
107,189
108,276
109,136
110,268
111,365
114,180
114,212
114,286
115,151
115,264
115,390
117,145
119,196
119,257
119,347
120,121
120,134
120,170
120,201
120,341
120,396
121,250
122,129
122,159
122,355
122,357
123,161
125,146
125,374
129,133
129,160
129,169
129,184
129,282
129,293
129,345
130,244
130,392
133,184
134,215
134,316
135,167
136,218
136,280
136,303
137,208
137,219
138,225
138,295
138,300
138,363
140,173
141,157
141,166
142,153
142,255
144,220
145,328
146,270
147,383
148,217
148,266
149,202
149,349
150,306
150,336
151,178
153,163
153,222
154,187
154,245
155,211
156,183
156,266
158,320
159,191
160,384
161,334
162,389
163,186
163,294
165,256
165,258
165,378
166,210
166,214
166,274
167,176
168,272
169,309
170,188
172,198
173,224
174,262
174,369
175,193
177,346
178,242
178,362
180,181
180,324
186,353
189,294
189,361
191,355
193,263
194,317
198,243
198,310
198,371
201,271
202,231
202,349
203,313
206,233
206,287
206,312
206,330
207,296
208,366
209,379
210,253
210,356
213,273
216,345
218,261
218,280
218,318
219,315
221,277
225,288
225,301
227,275
227,284
228,245
230,354
231,240
232,296
234,292
241,302
242,264
245,373
246,370
248,279
248,332
249,263
251,285
253,323
256,258
257,326
257,395
258,325
259,348
263,360
270,374
272,327
274,356
280,291
280,308
281,376
283,319
287,339
291,358
298,335
300,394
301,322
306,381
306,397
312,330
313,321
313,367
331,350
343,375
351,398
352,372
361,400
372,399
385,388
