150
15
5587
1,2
2,14
3,1
4,2
5,11
6,8
7,1
8,12
9,8
10,11
11,6
12,2
13,3
14,13
15,10
16,14
17,9
18,5
19,5
20,4
21,6
22,7
23,6
24,4
25,5
26,6
27,5
28,4
29,13
30,13
31,12
32,9
33,7
34,12
35,14
36,8
37,8
38,10
39,1
40,6
41,9
42,12
43,6
44,10
45,13
46,8
47,12
48,9
49,11
50,1
51,11
52,11
53,1
54,7
55,2
56,10
57,8
58,11
59,12
60,6
61,15
62,2
63,14
64,15
65,12
66,15
67,14
68,2
69,9
70,8
71,2
72,14
73,13
74,13
75,6
76,4
77,5
78,13
79,3
80,12
81,5
82,13
83,13
84,8
85,6
86,11
87,13
88,4
89,6
90,1
91,2
92,6
93,11
94,11
95,1
96,14
97,11
98,13
99,3
100,7
101,14
102,4
103,8
104,10
105,10
106,13
107,15
108,10
109,12
110,15
111,11
112,12
113,6
114,9
115,5
116,12
117,10
118,8
119,1
120,4
121,8
122,6
123,4
124,15
125,11
126,5
127,8
128,6
129,1
130,5
131,5
132,7
133,14
134,15
135,11
136,10
137,15
138,3
139,4
140,10
141,10
142,2
143,6
144,15
145,13
146,11
147,2
148,12
149,3
150,14
1,3
1,4
1,5
1,6
1,7
1,8
1,10
1,11
1,14
1,16
1,18
1,21
1,22
1,23
1,24
1,30
1,31
1,33
1,34
1,35
1,36
1,37
1,38
1,39
1,42
1,44
1,45
1,46
1,50
1,52
1,55
1,56
1,57
1,58
1,59
1,60
1,62
1,63
1,65
1,70
1,72
1,73
1,78
1,83
1,84
1,93
1,94
1,96
1,99
1,100
1,101
1,102
1,107
1,109
1,115
1,116
1,117
1,119
1,123
1,125
1,126
1,127
1,128
1,130
1,131
1,133
1,134
1,136
1,138
1,139
1,142
1,143
1,145
1,146
2,3
2,4
2,6
2,7
2,10
2,12
2,13
2,15
2,17
2,19
2,20
2,21
2,22
2,23
2,25
2,26
2,32
2,33
2,34
2,35
2,40
2,43
2,46
2,50
2,52
2,53
2,55
2,56
2,63
2,64
2,67
2,70
2,71
2,72
2,74
2,76
2,78
2,79
2,81
2,83
2,84
2,85
2,87
2,88
2,89
2,93
2,94
2,97
2,98
2,100
2,101
2,103
2,104
2,109
2,114
2,115
2,118
2,122
2,124
2,129
2,132
2,133
2,134
2,136
2,139
2,140
2,143
2,144
2,145
2,146
2,148
2,150
3,4
3,8
3,9
3,11
3,12
3,15
3,20
3,22
3,24
3,26
3,29
3,32
3,33
3,38
3,45
3,49
3,53
3,54
3,55
3,56
3,57
3,61
3,62
3,64
3,65
3,66
3,69
3,71
3,72
3,74
3,75
3,76
3,77
3,79
3,82
3,84
3,86
3,88
3,90
3,92
3,93
3,95
3,100
3,101
3,103
3,106
3,107
3,109
3,110
3,111
3,113
3,116
3,117
3,118
3,119
3,120
3,124
3,125
3,128
3,130
3,131
3,133
3,135
3,136
3,138
3,140
3,144
3,146
3,149
4,5
4,7
4,12
4,14
4,16
4,17
4,19
4,20
4,21
4,22
4,23
4,24
4,27
4,31
4,32
4,34
4,35
4,38
4,39
4,41
4,42
4,45
4,47
4,49
4,52
4,53
4,56
4,59
4,60
4,63
4,64
4,66
4,68
4,69
4,72
4,75
4,76
4,77
4,78
4,81
4,82
4,83
4,85
4,88
4,91
4,92
4,93
4,97
4,98
4,100
4,104
4,106
4,107
4,108
4,109
4,110
4,111
4,112
4,113
4,115
4,117
4,122
4,124
4,125
4,127
4,128
4,130
4,131
4,136
4,140
4,141
4,149
4,150
5,6
5,7
5,8
5,9
5,12
5,13
5,15
5,16
5,19
5,20
5,22
5,23
5,26
5,31
5,33
5,39
5,40
5,42
5,43
5,44
5,45
5,46
5,47
5,51
5,56
5,57
5,59
5,60
5,64
5,65
5,67
5,68
5,70
5,75
5,77
5,78
5,79
5,82
5,83
5,85
5,87
5,88
5,89
5,91
5,92
5,100
5,102
5,103
5,104
5,105
5,106
5,107
5,108
5,114
5,116
5,117
5,118
5,119
5,120
5,123
5,126
5,128
5,129
5,130
5,133
5,134
5,136
5,142
5,144
5,145
5,146
5,149
6,7
6,11
6,12
6,13
6,14
6,16
6,17
6,18
6,20
6,21
6,23
6,24
6,25
6,27
6,28
6,29
6,30
6,32
6,33
6,34
6,35
6,36
6,39
6,40
6,42
6,46
6,48
6,52
6,53
6,56
6,59
6,65
6,67
6,69
6,72
6,73
6,74
6,77
6,78
6,79
6,80
6,82
6,84
6,85
6,86
6,88
6,90
6,91
6,93
6,95
6,96
6,97
6,98
6,104
6,109
6,110
6,113
6,117
6,118
6,119
6,121
6,123
6,126
6,127
6,128
6,129
6,134
6,137
6,138
6,140
6,143
6,146
6,147
6,148
7,8
7,9
7,11
7,12
7,14
7,15
7,16
7,19
7,21
7,23
7,25
7,26
7,27
7,28
7,33
7,34
7,36
7,42
7,43
7,44
7,45
7,46
7,48
7,52
7,53
7,55
7,57
7,58
7,59
7,65
7,66
7,67
7,68
7,74
7,77
7,78
7,80
7,81
7,82
7,84
7,87
7,88
7,89
7,90
7,92
7,93
7,94
7,95
7,97
7,99
7,100
7,101
7,102
7,103
7,104
7,108
7,109
7,110
7,111
7,116
7,119
7,120
7,121
7,122
7,123
7,124
7,125
7,126
7,127
7,133
7,135
7,138
7,140
7,141
7,142
7,144
7,145
7,146
7,149
8,9
8,10
8,12
8,13
8,15
8,16
8,19
8,21
8,22
8,23
8,26
8,27
8,28
8,30
8,31
8,33
8,34
8,35
8,36
8,37
8,39
8,41
8,43
8,44
8,48
8,51
8,53
8,55
8,57
8,59
8,60
8,63
8,70
8,73
8,74
8,75
8,77
8,79
8,81
8,82
8,83
8,84
8,86
8,88
8,92
8,95
8,101
8,102
8,105
8,106
8,107
8,109
8,111
8,112
8,113
8,114
8,120
8,121
8,122
8,124
8,127
8,128
8,130
8,134
8,136
8,137
8,140
8,141
8,145
8,146
8,147
9,10
9,11
9,15
9,16
9,17
9,18
9,20
9,22
9,23
9,24
9,25
9,27
9,28
9,29
9,30
9,31
9,34
9,36
9,37
9,39
9,41
9,42
9,43
9,45
9,46
9,51
9,52
9,54
9,57
9,59
9,60
9,61
9,66
9,69
9,70
9,72
9,75
9,77
9,78
9,81
9,83
9,85
9,86
9,87
9,90
9,93
9,96
9,97
9,100
9,102
9,104
9,105
9,107
9,108
9,109
9,110
9,111
9,112
9,114
9,117
9,120
9,122
9,123
9,124
9,126
9,129
9,130
9,131
9,133
9,134
9,136
9,139
9,142
9,144
9,145
9,147
9,150
10,11
10,12
10,16
10,20
10,24
10,26
10,27
10,28
10,29
10,30
10,32
10,33
10,34
10,35
10,37
10,39
10,41
10,42
10,43
10,44
10,45
10,46
10,49
10,50
10,52
10,53
10,54
10,58
10,60
10,62
10,64
10,67
10,68
10,71
10,72
10,73
10,74
10,75
10,77
10,78
10,80
10,81
10,82
10,83
10,84
10,85
10,87
10,92
10,96
10,97
10,99
10,101
10,102
10,103
10,104
10,106
10,112
10,115
10,116
10,117
10,118
10,120
10,122
10,124
10,126
10,127
10,129
10,131
10,132
10,136
10,137
10,138
10,140
10,141
10,142
10,145
10,146
10,147
10,148
10,149
10,150
11,14
11,16
11,17
11,22
11,25
11,26
11,27
11,28
11,30
11,33
11,34
11,35
11,39
11,40
11,43
11,47
11,48
11,53
11,56
11,60
11,61
11,63
11,69
11,70
11,71
11,73
11,74
11,76
11,77
11,78
11,80
11,81
11,83
11,86
11,87
11,88
11,89
11,93
11,95
11,96
11,97
11,98
11,100
11,101
11,102
11,103
11,104
11,106
11,107
11,110
11,112
11,113
11,115
11,117
11,118
11,119
11,120
11,122
11,124
11,128
11,131
11,133
11,137
11,140
11,141
11,142
11,148
11,150
12,14
12,15
12,20
12,21
12,23
12,24
12,25
12,27
12,28
12,30
12,31
12,32
12,36
12,37
12,38
12,43
12,45
12,46
12,47
12,48
12,49
12,51
12,52
12,55
12,57
12,60
12,61
12,62
12,63
12,64
12,65
12,67
12,68
12,71
12,73
12,75
12,76
12,78
12,80
12,81
12,82
12,83
12,85
12,86
12,87
12,88
12,94
12,100
12,103
12,105
12,106
12,107
12,118
12,122
12,123
12,126
12,127
12,130
12,132
12,137
12,139
12,143
12,144
12,146
12,147
13,14
13,15
13,16
13,18
13,21
13,22
13,23
13,25
13,27
13,30
13,31
13,35
13,37
13,38
13,39
13,43
13,44
13,45
13,46
13,50
13,52
13,56
13,60
13,61
13,63
13,68
13,69
13,70
13,74
13,77
13,80
13,83
13,85
13,87
13,88
13,89
13,90
13,91
13,93
13,94
13,101
13,102
13,103
13,105
13,106
13,108
13,109
13,110
13,114
13,118
13,120
13,122
13,123
13,124
13,126
13,128
13,129
13,132
13,133
13,134
13,136
13,137
13,138
13,140
13,141
13,142
13,143
13,147
13,150
14,15
14,18
14,19
14,20
14,24
14,26
14,29
14,30
14,31
14,32
14,33
14,37
14,38
14,40
14,41
14,43
14,46
14,47
14,49
14,50
14,54
14,56
14,59
14,60
14,61
14,63
14,66
14,70
14,71
14,72
14,73
14,74
14,76
14,83
14,84
14,86
14,87
14,88
14,90
14,92
14,93
14,95
14,96
14,99
14,101
14,102
14,104
14,107
14,108
14,111
14,112
14,113
14,116
14,120
14,121
14,123
14,124
14,126
14,128
14,129
14,130
14,132
14,133
14,134
14,135
14,138
14,139
14,140
14,142
14,145
14,146
14,147
14,148
15,18
15,20
15,21
15,24
15,26
15,27
15,32
15,33
15,35
15,39
15,40
15,41
15,42
15,43
15,44
15,46
15,47
15,48
15,51
15,55
15,59
15,61
15,63
15,67
15,69
15,75
15,76
15,77
15,80
15,81
15,86
15,88
15,93
15,94
15,95
15,96
15,100
15,103
15,104
15,106
15,109
15,110
15,116
15,117
15,118
15,119
15,120
15,127
15,130
15,131
15,132
15,134
15,136
15,137
15,140
15,141
16,18
16,20
16,21
16,22
16,23
16,26
16,27
16,28
16,30
16,32
16,33
16,34
16,36
16,38
16,43
16,44
16,45
16,48
16,49
16,56
16,61
16,63
16,67
16,68
16,70
16,72
16,74
16,76
16,78
16,81
16,82
16,83
16,85
16,91
16,94
16,96
16,97
16,101
16,102
16,103
16,105
16,107
16,108
16,109
16,113
16,114
16,116
16,119
16,123
16,125
16,127
16,128
16,129
16,131
16,132
16,133
16,137
16,147
16,149
17,19
17,20
17,21
17,23
17,26
17,29
17,37
17,39
17,40
17,42
17,43
17,44
17,50
17,51
17,52
17,53
17,54
17,55
17,56
17,57
17,58
17,59
17,60
17,61
17,62
17,63
17,64
17,66
17,68
17,69
17,70
17,73
17,74
17,75
17,76
17,78
17,79
17,82
17,85
17,87
17,88
17,91
17,93
17,94
17,95
17,96
17,98
17,99
17,101
17,102
17,105
17,107
17,108
17,109
17,110
17,112
17,113
17,114
17,115
17,117
17,118
17,119
17,120
17,122
17,123
17,126
17,128
17,132
17,134
17,135
17,137
17,138
17,140
17,147
17,148
17,150
18,21
18,22
18,23
18,24
18,28
18,29
18,30
18,31
18,32
18,33
18,34
18,35
18,38
18,41
18,45
18,46
18,50
18,51
18,52
18,53
18,54
18,56
18,57
18,58
18,60
18,61
18,62
18,63
18,64
18,72
18,73
18,75
18,76
18,79
18,80
18,81
18,82
18,83
18,86
18,87
18,90
18,91
18,92
18,93
18,94
18,97
18,98
18,100
18,102
18,104
18,105
18,106
18,107
18,108
18,114
18,116
18,117
18,118
18,119
18,120
18,121
18,124
18,125
18,127
18,129
18,131
18,134
18,137
18,138
18,139
18,140
18,144
18,146
18,149
18,150
19,20
19,22
19,24
19,25
19,26
19,29
19,31
19,32
19,35
19,36
19,38
19,41
19,42
19,45
19,46
19,53
19,54
19,56
19,57
19,59
19,60
19,63
19,64
19,65
19,68
19,70
19,71
19,72
19,74
19,76
19,78
19,82
19,83
19,84
19,85
19,88
19,89
19,90
19,95
19,96
19,97
19,98
19,100
19,103
19,104
19,105
19,106
19,107
19,108
19,110
19,112
19,114
19,116
19,118
19,119
19,121
19,123
19,127
19,132
19,134
19,135
19,137
19,139
19,142
19,143
19,145
19,147
19,148
19,150
20,21
20,22
20,23
20,26
20,27
20,30
20,32
20,35
20,37
20,42
20,44
20,48
20,49
20,51
20,53
20,54
20,55
20,57
20,59
20,60
20,65
20,66
20,68
20,70
20,75
20,81
20,85
20,88
20,89
20,91
20,96
20,98
20,99
20,101
20,103
20,104
20,105
20,106
20,111
20,112
20,114
20,115
20,116
20,119
20,133
20,134
20,139
20,142
20,143
20,144
20,145
20,148
21,23
21,24
21,28
21,29
21,31
21,34
21,38
21,39
21,40
21,41
21,44
21,45
21,48
21,49
21,50
21,53
21,56
21,57
21,58
21,62
21,63
21,64
21,65
21,67
21,69
21,72
21,77
21,79
21,80
21,81
21,82
21,84
21,85
21,86
21,89
21,91
21,95
21,98
21,99
21,101
21,105
21,106
21,108
21,114
21,115
21,116
21,120
21,121
21,123
21,124
21,125
21,128
21,131
21,134
21,136
21,141
21,146
21,147
21,150
22,23
22,24
22,28
22,36
22,43
22,44
22,45
22,46
22,47
22,51
22,53
22,56
22,59
22,63
22,64
22,65
22,66
22,68
22,69
22,72
22,73
22,74
22,77
22,79
22,81
22,85
22,86
22,88
22,89
22,90
22,91
22,92
22,93
22,94
22,97
22,98
22,99
22,100
22,101
22,102
22,103
22,105
22,106
22,112
22,115
22,116
22,117
22,120
22,124
22,126
22,128
22,135
22,137
22,138
22,141
22,142
22,144
22,148
22,149
22,150
23,26
23,27
23,30
23,31
23,32
23,38
23,40
23,45
23,47
23,48
23,49
23,54
23,56
23,59
23,61
23,64
23,67
23,68
23,69
23,78
23,82
23,84
23,86
23,87
23,88
23,91
23,94
23,95
23,97
23,98
23,102
23,103
23,104
23,107
23,110
23,111
23,112
23,113
23,114
23,115
23,118
23,121
23,122
23,126
23,127
23,129
23,134
23,137
23,138
23,142
23,143
23,144
23,145
23,147
23,150
24,25
24,26
24,29
24,30
24,32
24,33
24,35
24,36
24,40
24,41
24,44
24,45
24,46
24,47
24,48
24,49
24,50
24,54
24,58
24,59
24,60
24,62
24,69
24,72
24,73
24,75
24,76
24,77
24,78
24,79
24,83
24,86
24,87
24,88
24,90
24,91
24,96
24,97
24,98
24,99
24,100
24,101
24,102
24,103
24,104
24,105
24,109
24,110
24,113
24,114
24,117
24,121
24,122
24,123
24,124
24,125
24,126
24,127
24,130
24,133
24,135
24,136
24,137
24,139
24,140
24,146
24,148
25,26
25,27
25,29
25,30
25,34
25,35
25,39
25,40
25,41
25,45
25,48
25,49
25,51
25,52
25,53
25,58
25,59
25,60
25,61
25,63
25,64
25,65
25,66
25,68
25,69
25,79
25,80
25,81
25,82
25,83
25,89
25,91
25,93
25,96
25,97
25,100
25,103
25,106
25,107
25,108
25,110
25,111
25,113
25,114
25,115
25,116
25,118
25,119
25,120
25,121
25,122
25,123
25,124
25,125
25,129
25,130
25,131
25,133
25,134
25,135
25,136
25,138
25,139
25,142
25,143
25,144
25,146
25,147
25,148
25,149
25,150
26,29
26,31
26,32
26,33
26,34
26,35
26,36
26,42
26,47
26,49
26,52
26,54
26,57
26,58
26,59
26,64
26,66
26,68
26,70
26,72
26,73
26,74
26,76
26,77
26,82
26,83
26,84
26,85
26,86
26,87
26,88
26,89
26,92
26,94
26,97
26,98
26,104
26,107
26,110
26,116
26,118
26,119
26,120
26,122
26,125
26,126
26,127
26,130
26,132
26,136
26,137
26,140
26,141
26,142
26,146
26,148
27,28
27,31
27,32
27,35
27,37
27,39
27,40
27,41
27,42
27,43
27,44
27,47
27,48
27,51
27,52
27,54
27,57
27,59
27,61
27,63
27,64
27,65
27,75
27,78
27,80
27,82
27,88
27,89
27,94
27,95
27,96
27,99
27,102
27,103
27,104
27,105
27,106
27,107
27,109
27,112
27,114
27,116
27,119
27,120
27,122
27,125
27,126
27,128
27,129
27,130
27,132
27,133
27,136
27,138
27,139
27,141
27,144
27,146
27,149
28,30
28,32
28,33
28,34
28,35
28,37
28,39
28,40
28,41
28,42
28,43
28,45
28,46
28,47
28,48
28,49
28,50
28,52
28,53
28,57
28,58
28,59
28,60
28,61
28,64
28,65
28,68
28,69
28,70
28,71
28,74
28,75
28,76
28,78
28,79
28,81
28,84
28,90
28,91
28,92
28,94
28,95
28,96
28,98
28,99
28,102
28,105
28,107
28,108
28,109
28,110
28,112
28,115
28,117
28,119
28,120
28,123
28,125
28,126
28,129
28,130
28,137
28,138
28,140
28,145
28,147
28,148
28,150
29,30
29,31
29,32
29,34
29,35
29,36
29,37
29,38
29,39
29,40
29,43
29,46
29,47
29,50
29,51
29,52
29,55
29,56
29,57
29,58
29,59
29,60
29,62
29,63
29,64
29,67
29,70
29,73
29,74
29,76
29,79
29,80
29,81
29,82
29,83
29,85
29,86
29,87
29,88
29,89
29,90
29,91
29,92
29,94
29,95
29,98
29,100
29,103
29,104
29,105
29,109
29,110
29,111
29,113
29,115
29,116
29,117
29,120
29,121
29,122
29,123
29,124
29,126
29,128
29,131
29,132
29,134
29,136
29,140
29,141
29,142
29,143
29,144
29,147
29,148
29,149
29,150
30,33
30,34
30,36
30,40
30,41
30,42
30,44
30,45
30,49
30,53
30,54
30,55
30,57
30,58
30,59
30,61
30,62
30,63
30,64
30,67
30,68
30,73
30,74
30,75
30,76
30,77
30,79
30,85
30,86
30,87
30,89
30,91
30,92
30,93
30,95
30,100
30,101
30,104
30,105
30,106
30,110
30,113
30,116
30,119
30,120
30,122
30,123
30,124
30,127
30,130
30,131
30,132
30,134
30,135
30,137
30,143
30,145
30,146
30,147
30,149
30,150
31,33
31,35
31,38
31,42
31,43
31,44
31,47
31,48
31,49
31,50
31,52
31,55
31,56
31,57
31,58
31,60
31,61
31,64
31,66
31,72
31,73
31,75
31,77
31,82
31,85
31,87
31,88
31,90
31,93
31,95
31,97
31,98
31,100
31,101
31,102
31,103
31,105
31,106
31,107
31,108
31,109
31,110
31,113
31,115
31,116
31,118
31,120
31,124
31,128
31,130
31,134
31,136
31,139
31,140
31,141
31,143
31,146
32,33
32,34
32,35
32,36
32,37
32,41
32,43
32,46
32,48
32,49
32,51
32,52
32,55
32,57
32,61
32,62
32,63
32,64
32,66
32,67
32,68
32,69
32,73
32,74
32,75
32,80
32,81
32,83
32,84
32,88
32,89
32,90
32,94
32,96
32,98
32,100
32,105
32,107
32,111
32,114
32,115
32,117
32,119
32,123
32,125
32,126
32,127
32,128
32,129
32,130
32,131
32,135
32,136
32,137
32,138
32,139
32,141
32,148
32,149
33,36
33,37
33,38
33,40
33,43
33,44
33,45
33,47
33,48
33,49
33,51
33,55
33,58
33,59
33,62
33,63
33,67
33,68
33,70
33,75
33,77
33,78
33,80
33,82
33,84
33,86
33,87
33,88
33,90
33,91
33,93
33,94
33,96
33,99
33,101
33,103
33,107
33,109
33,110
33,112
33,113
33,115
33,116
33,118
33,121
33,122
33,125
33,126
33,127
33,129
33,130
33,133
33,134
33,135
33,141
33,142
33,144
33,145
33,147
34,35
34,38
34,40
34,41
34,42
34,43
34,47
34,48
34,49
34,55
34,56
34,60
34,61
34,65
34,67
34,68
34,72
34,73
34,75
34,76
34,78
34,79
34,82
34,83
34,85
34,87
34,89
34,91
34,94
34,95
34,96
34,97
34,98
34,100
34,101
34,103
34,104
34,108
34,109
34,111
34,112
34,113
34,114
34,117
34,120
34,127
34,129
34,130
34,131
34,132
34,135
34,137
34,138
34,139
34,140
34,142
34,146
34,147
34,148
35,39
35,40
35,43
35,45
35,49
35,50
35,55
35,56
35,60
35,61
35,63
35,65
35,68
35,72
35,75
35,76
35,78
35,81
35,82
35,84
35,86
35,87
35,88
35,89
35,91
35,95
35,97
35,98
35,100
35,102
35,103
35,105
35,107
35,109
35,110
35,114
35,115
35,120
35,121
35,122
35,125
35,126
35,127
35,128
35,130
35,131
35,132
35,134
35,136
35,137
35,138
35,139
35,142
35,143
35,144
35,150
36,37
36,38
36,44
36,46
36,51
36,52
36,55
36,56
36,58
36,60
36,61
36,65
36,72
36,73
36,74
36,75
36,79
36,80
36,82
36,83
36,84
36,86
36,87
36,88
36,92
36,96
36,97
36,98
36,99
36,102
36,103
36,104
36,106
36,109
36,110
36,111
36,115
36,116
36,117
36,118
36,119
36,120
36,121
36,123
36,124
36,126
36,131
36,132
36,135
36,136
36,139
36,140
36,141
36,143
36,145
36,147
36,148
36,149
37,39
37,41
37,42
37,44
37,45
37,47
37,48
37,49
37,52
37,53
37,54
37,55
37,58
37,60
37,61
37,65
37,69
37,72
37,73
37,76
37,79
37,80
37,82
37,84
37,87
37,88
37,89
37,91
37,95
37,102
37,103
37,105
37,107
37,110
37,111
37,112
37,113
37,115
37,116
37,118
37,120
37,121
37,126
37,128
37,135
37,136
37,137
37,139
37,140
37,142
37,143
37,144
37,145
37,147
37,150
38,40
38,44
38,45
38,47
38,48
38,49
38,53
38,58
38,62
38,63
38,65
38,68
38,72
38,74
38,75
38,77
38,79
38,83
38,85
38,88
38,89
38,93
38,94
38,98
38,99
38,100
38,101
38,105
38,107
38,108
38,110
38,112
38,113
38,114
38,116
38,120
38,121
38,122
38,123
38,124
38,132
38,133
38,134
38,135
38,136
38,137
38,139
38,140
38,144
38,147
38,148
38,149
39,43
39,45
39,46
39,47
39,48
39,50
39,53
39,55
39,59
39,60
39,61
39,62
39,65
39,67
39,68
39,69
39,70
39,72
39,73
39,76
39,78
39,79
39,80
39,82
39,83
39,86
39,89
39,91
39,94
39,95
39,97
39,99
39,100
39,101
39,102
39,105
39,107
39,108
39,110
39,111
39,113
39,114
39,116
39,118
39,120
39,121
39,122
39,124
39,125
39,127
39,131
39,132
39,134
39,139
39,142
39,147
40,41
40,42
40,44
40,45
40,46
40,47
40,50
40,55
40,56
40,58
40,61
40,62
40,64
40,66
40,67
40,69
40,73
40,76
40,77
40,78
40,80
40,82
40,83
40,85
40,88
40,89
40,91
40,92
40,94
40,96
40,97
40,98
40,99
40,102
40,103
40,104
40,108
40,109
40,110
40,111
40,116
40,117
40,118
40,122
40,127
40,129
40,131
40,134
40,137
40,138
40,140
40,142
40,144
40,148
40,149
41,42
41,46
41,50
41,52
41,53
41,54
41,56
41,59
41,62
41,63
41,68
41,70
41,71
41,73
41,74
41,76
41,79
41,82
41,83
41,84
41,85
41,86
41,87
41,88
41,90
41,91
41,93
41,94
41,97
41,98
41,99
41,100
41,101
41,102
41,103
41,104
41,110
41,112
41,113
41,114
41,119
41,120
41,121
41,124
41,126
41,128
41,130
41,131
41,134
41,135
41,137
41,139
41,141
41,142
41,143
41,144
41,145
41,146
41,147
41,148
42,43
42,45
42,46
42,52
42,54
42,58
42,60
42,63
42,65
42,66
42,68
42,70
42,75
42,76
42,77
42,78
42,79
42,80
42,83
42,91
42,92
42,93
42,94
42,97
42,102
42,104
42,106
42,110
42,112
42,114
42,115
42,117
42,119
42,120
42,122
42,123
42,125
42,127
42,134
42,135
42,136
42,137
42,138
42,139
42,140
42,141
42,142
42,143
42,144
42,145
42,146
42,149
42,150
43,44
43,47
43,48
43,52
43,53
43,55
43,57
43,58
43,60
43,61
43,65
43,73
43,74
43,75
43,76
43,77
43,78
43,81
43,83
43,85
43,86
43,87
43,88
43,89
43,90
43,91
43,93
43,97
43,98
43,99
43,100
43,104
43,109
43,110
43,111
43,112
43,113
43,116
43,122
43,125
43,127
43,130
43,131
43,133
43,134
43,136
43,137
43,140
43,141
43,142
43,143
43,145
43,147
43,149
43,150
44,46
44,47
44,48
44,52
44,54
44,55
44,56
44,57
44,60
44,62
44,63
44,65
44,66
44,67
44,69
44,70
44,73
44,76
44,78
44,80
44,81
44,82
44,86
44,89
44,90
44,91
44,93
44,94
44,96
44,98
44,99
44,104
44,106
44,108
44,112
44,113
44,115
44,116
44,117
44,119
44,120
44,121
44,124
44,126
44,128
44,130
44,134
44,139
44,140
44,143
44,144
44,145
44,146
44,148
44,150
45,48
45,49
45,50
45,51
45,52
45,54
45,58
45,59
45,61
45,62
45,64
45,66
45,68
45,69
45,70
45,73
45,74
45,75
45,76
45,77
45,78
45,79
45,80
45,81
45,82
45,85
45,86
45,91
45,92
45,93
45,98
45,99
45,103
45,106
45,112
45,115
45,117
45,118
45,120
45,121
45,124
45,128
45,130
45,131
45,132
45,141
45,142
46,51
46,52
46,54
46,55
46,57
46,58
46,59
46,64
46,65
46,67
46,68
46,69
46,75
46,77
46,79
46,83
46,84
46,85
46,86
46,90
46,91
46,93
46,97
46,98
46,100
46,103
46,107
46,108
46,110
46,112
46,113
46,114
46,116
46,117
46,120
46,123
46,126
46,129
46,130
46,133
46,135
46,140
46,141
46,142
46,144
46,145
46,147
46,148
46,149
46,150
47,48
47,50
47,52
47,55
47,56
47,60
47,62
47,63
47,65
47,66
47,67
47,71
47,72
47,73
47,75
47,77
47,78
47,83
47,88
47,90
47,92
47,93
47,94
47,95
47,96
47,97
47,98
47,99
47,100
47,102
47,107
47,111
47,113
47,115
47,116
47,120
47,124
47,125
47,129
47,130
47,131
47,132
47,134
47,135
47,139
47,141
47,142
47,147
47,149
48,49
48,50
48,54
48,62
48,63
48,65
48,67
48,68
48,70
48,71
48,72
48,73
48,74
48,75
48,76
48,77
48,79
48,80
48,82
48,85
48,88
48,89
48,90
48,91
48,95
48,96
48,97
48,98
48,100
48,101
48,102
48,103
48,105
48,107
48,108
48,110
48,118
48,119
48,120
48,121
48,126
48,127
48,129
48,132
48,134
48,135
48,138
48,139
48,143
48,144
48,146
49,51
49,59
49,60
49,61
49,63
49,64
49,66
49,67
49,68
49,72
49,74
49,76
49,79
49,84
49,85
49,86
49,87
49,89
49,90
49,92
49,94
49,96
49,102
49,103
49,104
49,107
49,108
49,110
49,111
49,112
49,114
49,115
49,116
49,118
49,121
49,123
49,126
49,127
49,128
49,130
49,131
49,134
49,136
49,140
49,143
49,144
49,145
49,147
49,148
50,51
50,54
50,57
50,58
50,61
50,63
50,64
50,65
50,66
50,67
50,68
50,69
50,70
50,71
50,72
50,73
50,74
50,77
50,81
50,82
50,83
50,87
50,89
50,93
50,94
50,96
50,98
50,99
50,101
50,102
50,105
50,107
50,109
50,114
50,122
50,123
50,124
50,125
50,127
50,130
50,131
50,134
50,143
50,147
50,149
51,57
51,59
51,61
51,62
51,63
51,66
51,67
51,68
51,72
51,74
51,75
51,76
51,77
51,78
51,84
51,90
51,91
51,97
51,98
51,99
51,100
51,101
51,108
51,110
51,112
51,113
51,115
51,116
51,119
51,120
51,121
51,122
51,123
51,124
51,128
51,129
51,131
51,133
51,134
51,136
51,137
51,138
51,140
51,142
51,143
51,144
51,145
51,146
51,147
51,148
51,149
52,59
52,61
52,64
52,67
52,68
52,69
52,70
52,71
52,76
52,80
52,82
52,86
52,91
52,92
52,96
52,97
52,99
52,100
52,101
52,102
52,103
52,104
52,109
52,113
52,115
52,116
52,119
52,121
52,122
52,126
52,128
52,129
52,130
52,135
52,138
52,140
52,142
52,143
52,145
52,147
52,149
53,57
53,58
53,59
53,61
53,64
53,66
53,67
53,70
53,71
53,74
53,75
53,76
53,77
53,78
53,80
53,82
53,84
53,85
53,86
53,89
53,90
53,93
53,94
53,95
53,96
53,97
53,98
53,99
53,101
53,102
53,111
53,112
53,115
53,118
53,120
53,121
53,123
53,124
53,127
53,128
53,129
53,131
53,133
53,134
53,135
53,136
53,138
53,140
53,141
53,143
53,146
53,147
53,148
53,149
54,56
54,57
54,58
54,60
54,67
54,68
54,69
54,70
54,75
54,76
54,78
54,81
54,82
54,84
54,86
54,89
54,90
54,92
54,96
54,98
54,101
54,102
54,104
54,106
54,107
54,111
54,112
54,113
54,115
54,116
54,117
54,120
54,124
54,125
54,128
54,130
54,131
54,136
54,143
54,144
54,145
54,146
54,147
54,148
54,149
54,150
55,59
55,60
55,62
55,63
55,64
55,67
55,69
55,71
55,72
55,74
55,76
55,80
55,83
55,85
55,86
55,91
55,92
55,93
55,95
55,96
55,97
55,98
55,99
55,101
55,102
55,104
55,105
55,107
55,113
55,114
55,115
55,116
55,119
55,120
55,122
55,124
55,125
55,126
55,128
55,129
55,130
55,132
55,134
55,135
55,140
55,143
55,144
55,145
55,146
55,149
56,57
56,58
56,60
56,62
56,66
56,67
56,68
56,69
56,71
56,72
56,75
56,76
56,77
56,79
56,80
56,83
56,86
56,87
56,89
56,90
56,91
56,93
56,94
56,95
56,97
56,98
56,102
56,110
56,111
56,114
56,115
56,116
56,117
56,118
56,124
56,125
56,126
56,127
56,128
56,131
56,133
56,134
56,135
56,136
56,137
56,138
56,140
56,141
56,142
56,143
56,150
57,58
57,61
57,64
57,68
57,69
57,71
57,74
57,75
57,78
57,81
57,83
57,90
57,96
57,99
57,100
57,101
57,102
57,103
57,104
57,105
57,107
57,108
57,109
57,113
57,114
57,116
57,121
57,122
57,123
57,125
57,126
57,127
57,128
57,132
57,135
57,137
57,139
57,140
57,141
57,144
57,145
57,146
58,59
58,60
58,62
58,64
58,65
58,66
58,68
58,69
58,70
58,71
58,74
58,78
58,82
58,84
58,85
58,86
58,87
58,91
58,92
58,93
58,97
58,99
58,104
58,105
58,108
58,110
58,111
58,112
58,119
58,120
58,122
58,123
58,129
58,130
58,132
58,136
58,138
58,139
58,141
58,142
58,144
58,149
59,65
59,67
59,68
59,70
59,71
59,73
59,76
59,77
59,78
59,79
59,82
59,83
59,85
59,88
59,93
59,94
59,95
59,97
59,100
59,102
59,103
59,107
59,109
59,116
59,118
59,122
59,126
59,127
59,130
59,131
59,133
59,135
59,136
59,137
59,139
59,140
59,144
59,148
59,150
60,62
60,64
60,66
60,67
60,68
60,69
60,70
60,73
60,78
60,80
60,81
60,82
60,83
60,84
60,85
60,86
60,87
60,88
60,92
60,94
60,95
60,96
60,98
60,104
60,105
60,108
60,110
60,112
60,119
60,123
60,126
60,128
60,130
60,133
60,134
60,135
60,137
60,138
60,142
60,144
60,145
60,146
60,148
60,149
60,150
61,62
61,65
61,66
61,68
61,71
61,72
61,75
61,76
61,78
61,79
61,80
61,88
61,93
61,96
61,97
61,102
61,105
61,108
61,110
61,113
61,114
61,115
61,117
61,120
61,123
61,129
61,131
61,133
61,135
61,137
61,138
61,140
61,141
61,143
61,145
61,147
61,149
62,63
62,66
62,68
62,69
62,70
62,71
62,72
62,73
62,74
62,75
62,76
62,78
62,79
62,85
62,86
62,87
62,89
62,90
62,91
62,93
62,94
62,95
62,97
62,99
62,102
62,104
62,105
62,108
62,109
62,110
62,111
62,115
62,117
62,120
62,122
62,123
62,125
62,126
62,127
62,129
62,133
62,135
62,136
62,137
62,138
62,143
62,145
62,147
62,149
63,70
63,71
63,73
63,75
63,77
63,78
63,80
63,81
63,82
63,83
63,89
63,92
63,93
63,95
63,96
63,97
63,98
63,99
63,102
63,103
63,106
63,108
63,109
63,111
63,113
63,114
63,117
63,120
63,124
63,127
63,131
63,141
63,144
63,147
64,66
64,67
64,69
64,70
64,73
64,74
64,77
64,79
64,80
64,82
64,83
64,84
64,85
64,86
64,89
64,93
64,95
64,96
64,98
64,99
64,102
64,103
64,105
64,107
64,110
64,112
64,115
64,116
64,117
64,118
64,119
64,120
64,125
64,126
64,128
64,130
64,132
64,134
64,135
64,136
64,139
64,140
64,142
64,144
64,145
64,147
64,148
64,150
65,67
65,69
65,70
65,74
65,76
65,77
65,78
65,79
65,81
65,83
65,84
65,85
65,86
65,89
65,91
65,92
65,93
65,95
65,96
65,97
65,103
65,105
65,109
65,110
65,113
65,114
65,116
65,119
65,121
65,122
65,126
65,133
65,135
65,136
65,137
65,141
65,143
65,147
65,148
66,73
66,74
66,75
66,78
66,81
66,84
66,86
66,87
66,90
66,91
66,93
66,95
66,96
66,98
66,99
66,100
66,101
66,104
66,105
66,107
66,109
66,110
66,113
66,114
66,115
66,117
66,120
66,122
66,125
66,132
66,136
66,138
66,140
66,142
66,145
66,146
66,149
66,150
67,69
67,74
67,76
67,77
67,78
67,84
67,86
67,87
67,88
67,91
67,93
67,94
67,96
67,97
67,99
67,101
67,102
67,103
67,104
67,109
67,114
67,115
67,118
67,120
67,123
67,124
67,129
67,130
67,133
67,134
67,137
67,138
67,139
67,140
67,143
67,148
67,149
67,150
68,69
68,71
68,72
68,74
68,75
68,77
68,78
68,80
68,84
68,85
68,86
68,87
68,89
68,91
68,92
68,95
68,97
68,98
68,107
68,109
68,111
68,114
68,116
68,117
68,118
68,119
68,120
68,121
68,125
68,126
68,131
68,132
68,136
68,139
68,141
68,142
68,146
68,147
68,148
69,70
69,71
69,72
69,74
69,75
69,76
69,77
69,81
69,82
69,85
69,86
69,87
69,90
69,94
69,96
69,98
69,100
69,104
69,105
69,106
69,109
69,110
69,112
69,113
69,118
69,120
69,123
69,124
69,125
69,128
69,130
69,131
69,133
69,135
69,136
69,141
69,143
69,144
70,72
70,75
70,78
70,79
70,80
70,82
70,84
70,87
70,88
70,89
70,92
70,93
70,94
70,95
70,98
70,102
70,104
70,105
70,107
70,108
70,110
70,111
70,114
70,115
70,117
70,118
70,120
70,121
70,122
70,123
70,124
70,127
70,128
70,129
70,136
70,138
70,139
70,143
70,145
70,146
70,147
71,74
71,76
71,78
71,79
71,80
71,82
71,83
71,84
71,86
71,87
71,90
71,91
71,92
71,93
71,94
71,96
71,97
71,99
71,101
71,103
71,105
71,107
71,109
71,111
71,112
71,115
71,116
71,118
71,119
71,122
71,124
71,126
71,128
71,129
71,130
71,133
71,134
71,135
71,136
71,137
71,141
71,142
71,144
71,146
71,150
72,75
72,76
72,78
72,80
72,81
72,85
72,86
72,87
72,91
72,94
72,96
72,97
72,98
72,99
72,100
72,101
72,102
72,103
72,104
72,105
72,110
72,112
72,114
72,116
72,118
72,119
72,120
72,121
72,122
72,124
72,125
72,126
72,128
72,131
72,133
72,134
72,135
72,136
72,139
72,140
72,143
72,146
72,147
72,150
73,74
73,77
73,78
73,79
73,80
73,81
73,84
73,85
73,90
73,91
73,92
73,94
73,95
73,98
73,100
73,103
73,105
73,107
73,108
73,109
73,112
73,113
73,117
73,120
73,121
73,122
73,125
73,126
73,127
73,130
73,134
73,135
73,136
73,138
73,139
73,140
73,142
73,144
73,145
73,146
73,150
74,76
74,77
74,80
74,82
74,84
74,86
74,87
74,91
74,92
74,94
74,95
74,103
74,105
74,106
74,107
74,110
74,112
74,116
74,118
74,121
74,122
74,123
74,124
74,126
74,129
74,132
74,134
74,136
74,138
74,141
74,142
74,144
74,145
74,147
74,150
75,76
75,80
75,81
75,82
75,83
75,88
75,91
75,92
75,93
75,94
75,99
75,100
75,104
75,105
75,107
75,111
75,113
75,114
75,118
75,122
75,124
75,126
75,127
75,131
75,132
75,134
75,137
75,141
75,142
75,143
75,144
75,146
75,147
75,149
76,77
76,78
76,81
76,83
76,85
76,89
76,91
76,95
76,96
76,97
76,99
76,100
76,102
76,107
76,108
76,109
76,110
76,111
76,114
76,115
76,117
76,118
76,122
76,124
76,125
76,126
76,127
76,129
76,130
76,134
76,138
76,141
76,143
76,145
76,147
76,149
76,150
77,78
77,82
77,83
77,84
77,85
77,90
77,91
77,92
77,93
77,94
77,96
77,98
77,100
77,104
77,105
77,106
77,107
77,111
77,113
77,117
77,120
77,121
77,123
77,124
77,125
77,128
77,130
77,131
77,133
77,135
77,136
77,137
77,138
77,139
77,140
77,141
77,143
77,147
77,148
77,149
77,150
78,79
78,81
78,85
78,86
78,91
78,95
78,97
78,98
78,101
78,102
78,103
78,104
78,105
78,109
78,110
78,111
78,112
78,117
78,119
78,120
78,121
78,122
78,123
78,125
78,127
78,129
78,130
78,133
78,139
78,143
78,145
78,147
78,149
78,150
79,80
79,83
79,84
79,85
79,86
79,88
79,89
79,90
79,91
79,94
79,95
79,97
79,99
79,100
79,101
79,103
79,104
79,105
79,108
79,109
79,110
79,113
79,115
79,116
79,120
79,121
79,122
79,123
79,125
79,127
79,129
79,135
79,137
79,139
79,142
79,143
79,144
79,146
79,147
80,82
80,85
80,89
80,90
80,95
80,99
80,100
80,103
80,104
80,106
80,107
80,108
80,109
80,110
80,114
80,115
80,117
80,118
80,126
80,127
80,128
80,129
80,130
80,132
80,133
80,134
80,135
80,137
80,138
80,139
80,140
80,143
80,144
80,145
80,146
80,148
80,149
80,150
81,84
81,85
81,87
81,88
81,91
81,93
81,94
81,95
81,96
81,100
81,103
81,106
81,111
81,112
81,115
81,117
81,118
81,120
81,121
81,122
81,124
81,126
81,127
81,128
81,129
81,131
81,132
81,133
81,137
81,138
81,139
81,143
81,144
81,145
81,146
81,147
82,84
82,85
82,89
82,90
82,91
82,92
82,95
82,97
82,98
82,100
82,102
82,105
82,112
82,113
82,115
82,117
82,118
82,120
82,121
82,122
82,123
82,124
82,127
82,129
82,131
82,133
82,134
82,138
82,143
82,149
82,150
83,86
83,89
83,91
83,92
83,96
83,97
83,100
83,101
83,105
83,107
83,109
83,113
83,115
83,116
83,117
83,118
83,121
83,122
83,123
83,125
83,126
83,127
83,129
83,130
83,131
83,132
83,133
83,138
83,139
83,140
83,141
83,142
83,143
83,145
83,146
83,149
83,150
84,85
84,86
84,88
84,90
84,93
84,95
84,96
84,97
84,98
84,99
84,101
84,103
84,104
84,108
84,112
84,118
84,119
84,123
84,126
84,127
84,128
84,129
84,130
84,131
84,135
84,139
84,140
84,141
84,142
84,143
84,144
84,145
84,146
84,149
85,88
85,89
85,92
85,96
85,97
85,99
85,100
85,102
85,103
85,104
85,105
85,108
85,113
85,115
85,116
85,117
85,118
85,119
85,120
85,124
85,125
85,126
85,127
85,128
85,129
85,130
85,131
85,133
85,134
85,136
85,137
85,139
85,141
85,142
85,147
85,149
85,150
86,87
86,90
86,94
86,96
86,102
86,103
86,105
86,106
86,108
86,109
86,111
86,112
86,115
86,117
86,118
86,119
86,121
86,122
86,123
86,124
86,128
86,132
86,133
86,135
86,138
86,139
86,141
86,142
86,144
86,146
87,88
87,89
87,92
87,95
87,97
87,98
87,100
87,104
87,106
87,107
87,111
87,112
87,113
87,114
87,115
87,116
87,117
87,118
87,119
87,120
87,121
87,122
87,123
87,125
87,128
87,129
87,132
87,133
87,135
87,141
87,150
88,90
88,91
88,93
88,97
88,99
88,100
88,103
88,104
88,107
88,108
88,109
88,111
88,113
88,114
88,115
88,117
88,119
88,121
88,124
88,125
88,127
88,129
88,130
88,131
88,132
88,136
88,137
88,142
88,143
88,147
88,148
89,90
89,92
89,94
89,97
89,98
89,100
89,103
89,104
89,105
89,107
89,112
89,113
89,116
89,117
89,119
89,122
89,123
89,125
89,126
89,127
89,129
89,130
89,133
89,135
89,136
89,141
89,142
89,146
89,149
90,91
90,92
90,96
90,99
90,101
90,104
90,109
90,111
90,114
90,117
90,121
90,124
90,125
90,127
90,128
90,130
90,131
90,132
90,137
90,138
90,141
90,142
90,143
90,144
90,145
90,149
91,92
91,93
91,102
91,105
91,107
91,108
91,109
91,117
91,119
91,120
91,123
91,125
91,127
91,131
91,132
91,134
91,136
91,137
91,140
91,145
91,146
91,147
91,148
91,150
92,96
92,103
92,105
92,108
92,113
92,114
92,115
92,116
92,117
92,118
92,121
92,127
92,128
92,129
92,132
92,138
92,140
92,141
92,142
92,143
92,147
92,148
92,150
93,98
93,99
93,100
93,102
93,105
93,106
93,107
93,110
93,111
93,112
93,113
93,114
93,115
93,116
93,118
93,124
93,126
93,127
93,128
93,130
93,131
93,137
93,138
93,140
93,145
93,146
93,147
93,148
94,96
94,100
94,101
94,102
94,103
94,104
94,105
94,107
94,108
94,109
94,111
94,112
94,116
94,118
94,119
94,122
94,124
94,126
94,129
94,130
94,132
94,133
94,134
94,135
94,137
94,139
94,144
94,149
95,97
95,98
95,103
95,108
95,109
95,110
95,112
95,113
95,114
95,115
95,117
95,118
95,119
95,121
95,122
95,123
95,126
95,128
95,129
95,130
95,131
95,134
95,138
95,139
95,140
95,142
95,144
95,145
96,99
96,100
96,104
96,106
96,107
96,109
96,110
96,111
96,112
96,113
96,115
96,116
96,119
96,120
96,122
96,125
96,128
96,130
96,131
96,133
96,134
96,135
96,136
96,138
96,139
96,140
96,141
96,142
96,143
96,145
96,146
96,148
96,149
96,150
97,98
97,100
97,101
97,102
97,104
97,108
97,109
97,110
97,112
97,113
97,117
97,120
97,125
97,126
97,128
97,130
97,131
97,132
97,133
97,135
97,138
97,140
97,141
97,142
97,144
97,145
97,147
97,148
97,150
98,101
98,102
98,103
98,104
98,105
98,107
98,111
98,112
98,115
98,116
98,119
98,121
98,122
98,124
98,125
98,129
98,130
98,133
98,134
98,135
98,137
98,141
98,143
98,144
98,147
98,148
98,149
99,100
99,102
99,103
99,105
99,107
99,108
99,111
99,113
99,116
99,117
99,119
99,121
99,122
99,126
99,127
99,129
99,130
99,133
99,134
99,135
99,136
99,138
99,141
99,145
99,147
100,102
100,104
100,105
100,107
100,109
100,110
100,111
100,114
100,118
100,119
100,121
100,122
100,123
100,124
100,125
100,126
100,128
100,129
100,133
100,136
100,138
100,140
100,141
100,142
100,143
100,145
100,146
100,147
100,149
100,150
101,103
101,105
101,108
101,112
101,116
101,117
101,118
101,120
101,121
101,125
101,128
101,131
101,132
101,133
101,136
101,137
101,138
101,143
101,145
101,147
101,150
102,103
102,104
102,105
102,107
102,109
102,110
102,111
102,112
102,113
102,115
102,116
102,118
102,122
102,124
102,130
102,132
102,133
102,135
102,138
102,139
102,140
102,141
102,143
102,145
102,146
102,147
103,105
103,106
103,107
103,108
103,112
103,113
103,116
103,119
103,121
103,123
103,125
103,127
103,129
103,130
103,134
103,135
103,137
103,139
103,140
103,141
103,145
103,146
103,150
104,107
104,109
104,110
104,112
104,113
104,116
104,117
104,118
104,119
104,120
104,123
104,124
104,127
104,133
104,136
104,137
104,138
104,139
104,140
104,141
104,143
104,144
104,145
104,147
104,148
104,149
104,150
105,106
105,107
105,109
105,111
105,113
105,116
105,117
105,119
105,121
105,122
105,124
105,126
105,127
105,128
105,129
105,130
105,131
105,132
105,138
105,139
105,140
105,142
105,143
105,145
105,146
105,147
105,148
105,149
105,150
106,107
106,110
106,112
106,114
106,115
106,116
106,117
106,118
106,119
106,120
106,122
106,125
106,126
106,127
106,132
106,133
106,135
106,137
106,138
106,139
106,140
106,141
106,143
106,147
106,150
107,108
107,110
107,113
107,115
107,118
107,119
107,121
107,122
107,123
107,124
107,127
107,130
107,131
107,135
107,136
107,137
107,138
107,142
107,146
107,148
107,149
107,150
108,110
108,111
108,112
108,115
108,116
108,117
108,120
108,124
108,126
108,128
108,129
108,130
108,133
108,135
108,136
108,137
108,139
108,140
108,141
108,144
108,146
108,148
108,150
109,110
109,115
109,119
109,122
109,125
109,129
109,130
109,131
109,135
109,137
109,139
109,141
109,143
109,147
109,149
109,150
110,112
110,113
110,117
110,118
110,122
110,123
110,126
110,129
110,130
110,131
110,133
110,134
110,135
110,141
110,142
110,145
110,146
110,147
110,148
110,149
110,150
111,112
111,113
111,114
111,117
111,122
111,123
111,125
111,126
111,127
111,128
111,129
111,130
111,131
111,132
111,136
111,137
111,138
111,141
111,142
111,143
111,144
111,145
111,146
111,147
112,113
112,115
112,118
112,119
112,120
112,122
112,124
112,125
112,126
112,127
112,129
112,132
112,133
112,136
112,137
112,138
112,139
112,142
112,143
112,144
112,147
113,114
113,116
113,117
113,120
113,121
113,123
113,127
113,129
113,130
113,132
113,133
113,134
113,136
113,137
113,139
113,140
113,145
113,146
113,148
113,150
114,116
114,117
114,120
114,121
114,125
114,126
114,128
114,129
114,130
114,131
114,134
114,137
114,139
114,147
114,149
115,116
115,117
115,119
115,120
115,121
115,124
115,125
115,126
115,129
115,132
115,133
115,137
115,138
115,140
115,141
115,143
115,149
116,117
116,124
116,127
116,130
116,137
116,138
116,139
116,140
116,141
116,142
116,143
116,147
116,148
116,149
116,150
117,118
117,120
117,122
117,125
117,126
117,127
117,128
117,129
117,132
117,134
117,135
117,137
117,142
117,145
117,148
117,150
118,119
118,120
118,122
118,123
118,126
118,127
118,128
118,129
118,132
118,134
118,136
118,137
118,138
118,139
118,140
118,141
118,142
118,143
118,144
118,147
118,149
119,120
119,122
119,123
119,124
119,125
119,126
119,129
119,131
119,136
119,137
119,139
119,140
119,141
119,143
119,145
119,146
119,148
120,123
120,124
120,130
120,132
120,133
120,134
120,140
120,142
120,143
120,149
120,150
121,122
121,125
121,126
121,129
121,135
121,136
121,138
121,139
121,140
121,150
122,124
122,125
122,128
122,130
122,131
122,135
122,136
122,138
122,140
122,141
122,142
122,148
123,124
123,127
123,133
123,134
123,136
123,137
123,138
123,143
123,144
123,149
124,125
124,128
124,130
124,131
124,132
124,134
124,135
124,137
124,138
124,139
124,140
124,141
124,142
124,143
124,147
124,149
125,127
125,129
125,131
125,133
125,134
125,135
125,136
125,137
125,143
125,144
125,145
125,148
125,149
126,127
126,128
126,129
126,131
126,132
126,135
126,138
126,139
126,142
126,143
126,146
126,147
126,148
127,128
127,132
127,133
127,134
127,137
127,139
127,141
127,142
127,146
127,150
128,129
128,130
128,131
128,132
128,133
128,137
128,138
128,141
128,143
128,145
128,148
128,150
129,130
129,132
129,133
129,134
129,135
129,139
129,141
129,142
129,148
129,149
129,150
130,132
130,134
130,138
130,139
130,140
130,141
130,142
130,143
130,144
130,145
130,148
130,149
131,135
131,136
131,137
131,139
131,144
131,146
131,148
131,149
132,134
132,135
132,139
132,141
132,142
132,143
132,144
132,150
133,134
133,138
133,139
133,141
133,142
133,143
133,145
133,146
133,148
133,149
133,150
134,136
134,139
134,142
134,145
134,146
134,150
135,136
135,138
135,142
135,145
135,146
135,147
135,149
136,137
136,138
136,140
136,144
136,145
136,146
136,147
136,148
136,150
137,138
137,140
137,144
137,145
137,148
137,150
138,140
138,142
138,148
139,142
139,145
139,146
139,147
139,148
139,150
140,142
140,144
140,146
140,147
140,150
141,143
141,144
141,145
141,146
142,145
142,146
142,147
142,148
142,150
143,147
143,148
143,150
144,145
144,146
144,147
144,150
145,146
145,148
145,149
146,147
146,148
146,149
146,150
148,149
