200
100
9950
1,35
2,18
3,30
4,65
5,46
6,92
7,67
8,89
9,7
10,18
11,95
12,97
13,72
14,88
15,67
16,98
17,72
18,85
19,99
20,39
21,73
22,82
23,50
24,75
25,55
26,49
27,41
28,14
29,44
30,5
31,57
32,47
33,5
34,4
35,4
36,11
37,23
38,46
39,1
40,37
41,2
42,90
43,39
44,91
45,85
46,34
47,71
48,42
49,90
50,16
51,98
52,92
53,44
54,74
55,86
56,90
57,88
58,48
59,80
60,43
61,73
62,100
63,84
64,61
65,35
66,12
67,68
68,69
69,79
70,65
71,50
72,63
73,82
74,13
75,9
76,31
77,1
78,76
79,25
80,19
81,36
82,98
83,26
84,61
85,83
86,66
87,11
88,19
89,74
90,96
91,21
92,64
93,17
94,59
95,68
96,40
97,78
98,61
99,94
100,25
101,21
102,72
103,100
104,64
105,33
106,14
107,15
108,20
109,28
110,30
111,97
112,74
113,94
114,7
115,76
116,33
117,1
118,8
119,28
120,29
121,83
122,70
123,93
124,52
125,71
126,56
127,24
128,12
129,38
130,77
131,52
132,36
133,76
134,83
135,29
136,29
137,76
138,87
139,54
140,10
141,79
142,3
143,92
144,81
145,75
146,60
147,1
148,41
149,1
150,45
151,58
152,63
153,27
154,42
155,56
156,97
157,17
158,78
159,67
160,16
161,88
162,44
163,4
164,22
165,66
166,98
167,11
168,57
169,53
170,38
171,5
172,76
173,13
174,17
175,8
176,34
177,6
178,53
179,12
180,88
181,59
182,92
183,48
184,43
185,44
186,29
187,30
188,32
189,33
190,4
191,51
192,28
193,62
194,74
195,68
196,52
197,76
198,8
199,58
200,3
1,9
1,10
1,11
1,12
1,22
1,23
1,24
1,26
1,27
1,28
1,30
1,31
1,33
1,34
1,36
1,37
1,38
1,43
1,45
1,48
1,51
1,55
1,57
1,59
1,60
1,61
1,63
1,66
1,67
1,69
1,72
1,77
1,80
1,82
1,83
1,87
1,88
1,94
1,95
1,97
1,100
1,103
1,104
1,105
1,110
1,113
1,115
1,117
1,118
1,122
1,124
1,125
1,127
1,128
1,131
1,133
1,134
1,135
1,140
1,142
1,144
1,145
1,146
1,147
1,149
1,150
1,151
1,152
1,155
1,156
1,157
1,160
1,162
1,163
1,164
1,166
1,171
1,173
1,174
1,175
1,178
1,179
1,182
1,183
1,184
1,185
1,186
1,189
1,190
1,191
1,194
1,196
1,198
1,199
1,200
2,3
2,4
2,7
2,10
2,13
2,16
2,17
2,18
2,19
2,21
2,24
2,26
2,30
2,32
2,34
2,35
2,38
2,40
2,41
2,43
2,44
2,46
2,48
2,49
2,50
2,51
2,53
2,56
2,59
2,60
2,61
2,62
2,63
2,65
2,67
2,72
2,74
2,78
2,80
2,81
2,82
2,83
2,87
2,88
2,90
2,93
2,101
2,103
2,105
2,108
2,116
2,118
2,124
2,125
2,126
2,129
2,130
2,132
2,136
2,137
2,138
2,140
2,141
2,144
2,147
2,148
2,154
2,155
2,156
2,159
2,161
2,163
2,165
2,167
2,169
2,170
2,173
2,177
2,179
2,180
2,183
2,186
2,188
2,190
2,192
2,194
3,6
3,7
3,8
3,11
3,12
3,14
3,15
3,17
3,18
3,19
3,20
3,22
3,29
3,32
3,34
3,35
3,37
3,38
3,39
3,40
3,41
3,42
3,43
3,44
3,46
3,49
3,52
3,53
3,55
3,56
3,57
3,59
3,62
3,68
3,72
3,73
3,74
3,78
3,79
3,82
3,83
3,85
3,88
3,89
3,90
3,93
3,94
3,95
3,97
3,99
3,100
3,101
3,102
3,104
3,109
3,111
3,112
3,113
3,114
3,117
3,119
3,120
3,123
3,124
3,125
3,127
3,132
3,133
3,134
3,135
3,139
3,140
3,142
3,143
3,144
3,149
3,154
3,156
3,157
3,158
3,161
3,162
3,166
3,171
3,172
3,174
3,175
3,176
3,177
3,178
3,179
3,182
3,183
3,185
3,187
3,189
3,191
3,192
3,195
3,196
3,200
4,5
4,6
4,8
4,9
4,10
4,11
4,12
4,13
4,14
4,16
4,17
4,18
4,21
4,22
4,23
4,27
4,30
4,36
4,38
4,40
4,41
4,47
4,49
4,54
4,57
4,58
4,60
4,66
4,67
4,71
4,72
4,73
4,75
4,76
4,77
4,78
4,80
4,86
4,88
4,89
4,92
4,94
4,96
4,97
4,98
4,102
4,107
4,108
4,111
4,113
4,115
4,117
4,120
4,121
4,127
4,128
4,129
4,131
4,132
4,133
4,134
4,139
4,140
4,142
4,143
4,145
4,147
4,148
4,149
4,150
4,151
4,152
4,153
4,157
4,160
4,161
4,165
4,166
4,170
4,171
4,172
4,173
4,176
4,179
4,180
4,181
4,183
4,185
4,190
4,191
4,192
4,194
4,196
4,199
5,6
5,7
5,8
5,9
5,10
5,11
5,17
5,20
5,23
5,24
5,26
5,27
5,28
5,31
5,32
5,33
5,35
5,36
5,38
5,39
5,40
5,41
5,45
5,47
5,49
5,50
5,51
5,52
5,55
5,57
5,60
5,61
5,63
5,65
5,67
5,68
5,71
5,76
5,79
5,80
5,82
5,84
5,86
5,87
5,88
5,90
5,91
5,92
5,94
5,96
5,97
5,98
5,100
5,103
5,104
5,106
5,108
5,109
5,110
5,111
5,112
5,115
5,116
5,117
5,119
5,120
5,122
5,123
5,125
5,127
5,128
5,129
5,131
5,133
5,134
5,135
5,136
5,139
5,145
5,148
5,149
5,151
5,153
5,157
5,158
5,160
5,164
5,166
5,168
5,169
5,172
5,173
5,175
5,178
5,180
5,181
5,182
5,183
5,184
5,187
5,188
5,191
5,194
5,196
6,10
6,12
6,13
6,15
6,22
6,23
6,26
6,27
6,28
6,29
6,31
6,34
6,37
6,38
6,39
6,40
6,41
6,43
6,44
6,45
6,46
6,47
6,48
6,49
6,50
6,51
6,52
6,53
6,55
6,56
6,58
6,59
6,60
6,67
6,68
6,69
6,71
6,72
6,74
6,75
6,78
6,80
6,81
6,83
6,85
6,86
6,87
6,88
6,90
6,93
6,94
6,96
6,97
6,98
6,100
6,102
6,103
6,104
6,105
6,106
6,107
6,108
6,109
6,110
6,112
6,114
6,117
6,118
6,127
6,129
6,130
6,132
6,137
6,138
6,140
6,141
6,142
6,146
6,147
6,149
6,152
6,154
6,155
6,156
6,159
6,160
6,162
6,167
6,169
6,170
6,173
6,174
6,177
6,178
6,179
6,182
6,184
6,185
6,186
6,187
6,189
6,190
6,192
6,193
6,194
6,198
6,199
6,200
7,12
7,13
7,14
7,16
7,17
7,18
7,19
7,20
7,22
7,24
7,26
7,28
7,30
7,34
7,36
7,40
7,44
7,51
7,54
7,56
7,60
7,63
7,64
7,65
7,66
7,68
7,74
7,77
7,81
7,82
7,85
7,86
7,87
7,89
7,92
7,95
7,98
7,99
7,100
7,101
7,103
7,104
7,105
7,107
7,108
7,109
7,110
7,113
7,115
7,116
7,119
7,120
7,121
7,122
7,124
7,126
7,127
7,128
7,129
7,130
7,131
7,134
7,135
7,136
7,138
7,139
7,143
7,147
7,149
7,150
7,152
7,153
7,155
7,156
7,157
7,158
7,160
7,162
7,169
7,171
7,173
7,174
7,176
7,181
7,182
7,183
7,186
7,187
7,189
7,191
7,195
7,196
7,197
7,198
8,10
8,11
8,13
8,15
8,16
8,17
8,20
8,22
8,24
8,26
8,27
8,28
8,29
8,30
8,32
8,34
8,36
8,37
8,38
8,40
8,49
8,54
8,58
8,62
8,63
8,66
8,68
8,70
8,71
8,72
8,73
8,74
8,76
8,78
8,80
8,81
8,82
8,85
8,86
8,90
8,91
8,96
8,97
8,98
8,99
8,102
8,103
8,104
8,106
8,108
8,109
8,110
8,115
8,116
8,118
8,121
8,124
8,125
8,128
8,130
8,133
8,134
8,136
8,137
8,139
8,140
8,141
8,142
8,143
8,145
8,149
8,151
8,152
8,153
8,155
8,157
8,160
8,164
8,165
8,167
8,168
8,169
8,170
8,174
8,176
8,177
8,178
8,179
8,181
8,183
8,186
8,187
8,188
8,189
8,194
8,195
8,196
8,197
8,198
8,199
9,11
9,12
9,14
9,15
9,17
9,18
9,20
9,21
9,26
9,27
9,28
9,29
9,31
9,32
9,34
9,35
9,37
9,40
9,42
9,45
9,46
9,47
9,50
9,52
9,56
9,61
9,62
9,63
9,64
9,69
9,70
9,73
9,74
9,76
9,77
9,79
9,81
9,85
9,86
9,91
9,92
9,93
9,96
9,97
9,98
9,100
9,102
9,106
9,110
9,111
9,114
9,115
9,116
9,117
9,118
9,119
9,121
9,122
9,123
9,125
9,127
9,128
9,130
9,131
9,132
9,133
9,134
9,135
9,137
9,140
9,142
9,146
9,147
9,149
9,150
9,153
9,155
9,157
9,160
9,167
9,168
9,180
9,181
9,189
9,191
9,192
9,193
9,194
9,195
9,196
9,198
9,199
10,13
10,14
10,15
10,16
10,17
10,20
10,21
10,22
10,23
10,25
10,26
10,28
10,29
10,31
10,34
10,35
10,36
10,37
10,38
10,40
10,43
10,48
10,50
10,51
10,52
10,53
10,55
10,56
10,57
10,58
10,61
10,62
10,64
10,67
10,69
10,72
10,75
10,76
10,78
10,80
10,82
10,83
10,85
10,86
10,87
10,90
10,91
10,93
10,94
10,98
10,99
10,100
10,102
10,104
10,106
10,107
10,108
10,109
10,112
10,114
10,115
10,117
10,121
10,122
10,127
10,130
10,131
10,132
10,133
10,137
10,140
10,143
10,144
10,148
10,149
10,151
10,153
10,155
10,156
10,157
10,161
10,164
10,168
10,170
10,172
10,173
10,177
10,178
10,179
10,180
10,181
10,182
10,186
10,187
10,188
10,191
10,192
10,194
10,195
10,198
10,199
10,200
11,16
11,17
11,18
11,19
11,20
11,22
11,24
11,25
11,27
11,29
11,31
11,34
11,37
11,43
11,44
11,49
11,51
11,53
11,54
11,55
11,57
11,58
11,59
11,61
11,63
11,64
11,65
11,66
11,67
11,68
11,70
11,71
11,72
11,73
11,76
11,78
11,80
11,82
11,84
11,87
11,88
11,91
11,93
11,94
11,95
11,96
11,97
11,99
11,100
11,101
11,105
11,106
11,107
11,109
11,110
11,111
11,115
11,118
11,122
11,123
11,124
11,125
11,126
11,127
11,128
11,129
11,132
11,133
11,137
11,139
11,140
11,141
11,151
11,153
11,154
11,155
11,157
11,159
11,160
11,161
11,163
11,165
11,166
11,167
11,168
11,169
11,173
11,175
11,176
11,177
11,179
11,180
11,184
11,187
11,190
11,194
11,196
11,199
12,13
12,14
12,15
12,17
12,20
12,22
12,26
12,28
12,30
12,31
12,35
12,37
12,39
12,42
12,44
12,46
12,48
12,49
12,53
12,54
12,55
12,59
12,60
12,63
12,64
12,65
12,67
12,69
12,70
12,72
12,75
12,78
12,80
12,84
12,85
12,89
12,90
12,93
12,94
12,95
12,96
12,99
12,100
12,101
12,104
12,107
12,111
12,112
12,114
12,115
12,116
12,117
12,118
12,119
12,128
12,134
12,136
12,139
12,141
12,142
12,143
12,145
12,149
12,150
12,155
12,156
12,158
12,159
12,162
12,163
12,165
12,168
12,172
12,175
12,177
12,178
12,180
12,181
12,184
12,186
12,189
12,199
12,200
13,14
13,15
13,16
13,18
13,19
13,20
13,21
13,22
13,26
13,28
13,34
13,36
13,37
13,38
13,39
13,41
13,42
13,43
13,45
13,47
13,48
13,49
13,50
13,52
13,55
13,56
13,57
13,59
13,61
13,62
13,63
13,64
13,67
13,68
13,72
13,73
13,75
13,76
13,77
13,81
13,82
13,84
13,87
13,88
13,91
13,92
13,93
13,94
13,96
13,98
13,100
13,101
13,103
13,106
13,109
13,111
13,112
13,116
13,117
13,119
13,120
13,122
13,123
13,125
13,126
13,131
13,133
13,134
13,139
13,141
13,143
13,147
13,150
13,151
13,154
13,156
13,157
13,158
13,160
13,162
13,165
13,167
13,168
13,170
13,171
13,172
13,173
13,178
13,181
13,183
13,184
13,187
13,188
13,189
13,191
13,193
13,194
13,198
14,15
14,20
14,24
14,25
14,26
14,27
14,29
14,32
14,33
14,36
14,40
14,41
14,43
14,45
14,47
14,48
14,49
14,50
14,53
14,58
14,61
14,62
14,63
14,65
14,66
14,67
14,72
14,74
14,75
14,78
14,79
14,81
14,84
14,85
14,87
14,88
14,90
14,91
14,94
14,96
14,100
14,101
14,102
14,108
14,109
14,118
14,121
14,122
14,123
14,125
14,126
14,129
14,131
14,134
14,137
14,138
14,141
14,142
14,143
14,144
14,145
14,148
14,149
14,151
14,152
14,154
14,158
14,159
14,164
14,169
14,170
14,171
14,172
14,173
14,174
14,175
14,176
14,177
14,180
14,183
14,185
14,187
14,189
14,191
14,193
14,195
14,196
14,198
14,199
15,18
15,19
15,20
15,21
15,22
15,24
15,26
15,27
15,30
15,32
15,34
15,36
15,38
15,41
15,45
15,48
15,50
15,52
15,54
15,55
15,59
15,63
15,65
15,68
15,70
15,71
15,72
15,75
15,77
15,80
15,81
15,84
15,86
15,92
15,94
15,95
15,97
15,100
15,101
15,103
15,105
15,106
15,109
15,111
15,114
15,116
15,117
15,119
15,121
15,122
15,123
15,126
15,128
15,129
15,132
15,133
15,135
15,136
15,138
15,140
15,141
15,142
15,143
15,146
15,147
15,148
15,149
15,150
15,152
15,154
15,157
15,158
15,160
15,167
15,168
15,169
15,172
15,176
15,177
15,179
15,180
15,181
15,187
15,188
15,189
15,190
15,192
15,193
15,198
15,199
16,17
16,20
16,23
16,25
16,28
16,33
16,36
16,38
16,39
16,42
16,43
16,45
16,48
16,50
16,53
16,55
16,56
16,57
16,58
16,61
16,62
16,64
16,67
16,69
16,70
16,71
16,72
16,73
16,74
16,76
16,80
16,82
16,83
16,84
16,85
16,86
16,87
16,90
16,93
16,94
16,95
16,96
16,97
16,99
16,102
16,103
16,110
16,111
16,112
16,114
16,117
16,118
16,119
16,120
16,124
16,125
16,129
16,130
16,131
16,132
16,134
16,135
16,139
16,140
16,141
16,143
16,145
16,147
16,148
16,149
16,150
16,152
16,163
16,164
16,165
16,172
16,173
16,175
16,176
16,179
16,180
16,182
16,184
16,186
16,188
16,189
16,190
16,191
16,193
16,196
16,198
16,199
16,200
17,18
17,19
17,21
17,22
17,24
17,26
17,27
17,28
17,33
17,34
17,36
17,37
17,40
17,44
17,45
17,46
17,47
17,48
17,49
17,50
17,51
17,54
17,55
17,56
17,57
17,58
17,59
17,61
17,63
17,64
17,65
17,67
17,68
17,69
17,70
17,71
17,73
17,74
17,75
17,76
17,77
17,82
17,86
17,87
17,88
17,92
17,93
17,94
17,96
17,97
17,98
17,101
17,102
17,104
17,108
17,111
17,117
17,119
17,120
17,123
17,124
17,125
17,126
17,127
17,129
17,131
17,139
17,141
17,142
17,145
17,146
17,147
17,149
17,150
17,151
17,152
17,153
17,157
17,161
17,162
17,163
17,168
17,173
17,174
17,176
17,177
17,178
17,180
17,182
17,185
17,189
17,195
17,196
17,199
18,20
18,23
18,25
18,26
18,28
18,29
18,30
18,31
18,34
18,35
18,36
18,38
18,42
18,49
18,50
18,51
18,52
18,53
18,55
18,57
18,60
18,62
18,63
18,65
18,67
18,72
18,75
18,76
18,83
18,84
18,86
18,89
18,90
18,92
18,94
18,95
18,96
18,97
18,98
18,103
18,104
18,106
18,107
18,111
18,112
18,113
18,114
18,117
18,118
18,124
18,126
18,128
18,130
18,133
18,134
18,136
18,137
18,139
18,141
18,142
18,143
18,144
18,145
18,149
18,150
18,152
18,158
18,159
18,160
18,162
18,163
18,164
18,165
18,167
18,168
18,169
18,175
18,176
18,178
18,179
18,180
18,182
18,189
18,194
19,20
19,22
19,25
19,26
19,28
19,29
19,30
19,36
19,38
19,39
19,41
19,42
19,43
19,45
19,46
19,47
19,51
19,53
19,54
19,56
19,57
19,58
19,59
19,60
19,61
19,62
19,64
19,65
19,67
19,70
19,72
19,77
19,79
19,80
19,81
19,83
19,84
19,85
19,88
19,89
19,93
19,96
19,97
19,99
19,100
19,101
19,103
19,104
19,105
19,106
19,107
19,109
19,112
19,113
19,116
19,120
19,121
19,122
19,124
19,126
19,129
19,130
19,131
19,132
19,133
19,134
19,135
19,137
19,138
19,140
19,143
19,144
19,145
19,147
19,150
19,151
19,156
19,159
19,160
19,161
19,162
19,163
19,169
19,172
19,173
19,174
19,176
19,177
19,181
19,184
19,186
19,189
19,191
19,192
19,193
19,199
20,23
20,24
20,25
20,26
20,31
20,32
20,36
20,40
20,42
20,44
20,45
20,48
20,49
20,50
20,52
20,54
20,55
20,59
20,60
20,62
20,66
20,68
20,69
20,70
20,71
20,73
20,74
20,76
20,77
20,79
20,81
20,82
20,85
20,86
20,88
20,89
20,90
20,93
20,98
20,99
20,100
20,101
20,105
20,106
20,107
20,110
20,111
20,112
20,114
20,116
20,117
20,118
20,120
20,121
20,124
20,125
20,126
20,129
20,130
20,131
20,133
20,134
20,137
20,138
20,139
20,142
20,144
20,146
20,148
20,149
20,153
20,154
20,155
20,158
20,159
20,160
20,162
20,163
20,164
20,165
20,167
20,170
20,172
20,173
20,174
20,175
20,177
20,179
20,184
20,188
20,189
20,190
20,192
20,193
20,194
20,195
20,196
20,199
21,24
21,25
21,27
21,31
21,32
21,33
21,34
21,36
21,37
21,39
21,40
21,42
21,43
21,44
21,46
21,48
21,53
21,54
21,56
21,61
21,62
21,63
21,64
21,65
21,67
21,68
21,69
21,71
21,73
21,74
21,76
21,77
21,78
21,80
21,84
21,86
21,89
21,90
21,91
21,92
21,93
21,94
21,95
21,96
21,101
21,102
21,104
21,106
21,109
21,111
21,112
21,114
21,115
21,119
21,120
21,121
21,123
21,125
21,127
21,128
21,129
21,131
21,132
21,135
21,136
21,137
21,140
21,144
21,145
21,146
21,149
21,150
21,151
21,155
21,156
21,162
21,163
21,165
21,166
21,167
21,180
21,181
21,182
21,183
21,185
21,187
21,188
21,192
21,198
21,199
21,200
22,23
22,30
22,32
22,34
22,35
22,37
22,39
22,40
22,41
22,48
22,50
22,52
22,53
22,55
22,56
22,57
22,59
22,66
22,68
22,70
22,71
22,73
22,74
22,75
22,76
22,77
22,78
22,79
22,81
22,82
22,83
22,90
22,91
22,92
22,93
22,95
22,99
22,100
22,101
22,105
22,108
22,110
22,112
22,113
22,116
22,117
22,123
22,125
22,126
22,129
22,130
22,131
22,132
22,133
22,134
22,139
22,140
22,141
22,143
22,144
22,145
22,147
22,149
22,150
22,154
22,155
22,157
22,160
22,161
22,163
22,164
22,166
22,167
22,171
22,174
22,175
22,178
22,179
22,181
22,185
22,186
22,189
22,191
22,194
22,195
22,197
22,198
22,200
23,24
23,26
23,29
23,32
23,33
23,39
23,42
23,43
23,46
23,47
23,48
23,51
23,52
23,53
23,56
23,57
23,60
23,62
23,63
23,65
23,68
23,69
23,70
23,72
23,76
23,77
23,78
23,79
23,80
23,81
23,82
23,86
23,87
23,89
23,90
23,92
23,97
23,99
23,100
23,101
23,104
23,105
23,107
23,111
23,113
23,114
23,115
23,116
23,117
23,118
23,119
23,121
23,122
23,123
23,124
23,125
23,126
23,128
23,134
23,136
23,138
23,141
23,142
23,143
23,144
23,145
23,146
23,147
23,151
23,153
23,155
23,157
23,160
23,164
23,165
23,170
23,173
23,176
23,178
23,181
23,182
23,184
23,185
23,186
23,187
23,188
23,189
23,191
23,192
23,193
23,194
23,196
23,198
24,25
24,30
24,32
24,35
24,37
24,38
24,41
24,45
24,46
24,48
24,50
24,52
24,54
24,55
24,56
24,59
24,64
24,65
24,71
24,72
24,74
24,75
24,76
24,78
24,80
24,81
24,82
24,83
24,84
24,86
24,88
24,90
24,91
24,92
24,93
24,97
24,100
24,101
24,102
24,104
24,105
24,106
24,107
24,108
24,110
24,111
24,115
24,119
24,120
24,121
24,124
24,129
24,131
24,133
24,134
24,138
24,142
24,144
24,146
24,147
24,149
24,150
24,151
24,154
24,156
24,157
24,158
24,169
24,170
24,171
24,173
24,174
24,176
24,177
24,178
24,179
24,182
24,184
24,185
24,186
24,188
24,190
24,191
24,192
24,196
24,200
25,27
25,33
25,35
25,36
25,38
25,39
25,43
25,47
25,48
25,49
25,52
25,53
25,54
25,55
25,56
25,57
25,65
25,66
25,69
25,70
25,75
25,76
25,79
25,80
25,81
25,83
25,86
25,88
25,89
25,90
25,92
25,93
25,95
25,96
25,97
25,98
25,101
25,103
25,106
25,112
25,113
25,119
25,120
25,123
25,124
25,126
25,127
25,128
25,129
25,130
25,132
25,134
25,135
25,137
25,138
25,139
25,143
25,144
25,147
25,149
25,152
25,153
25,154
25,161
25,165
25,168
25,169
25,172
25,174
25,177
25,180
25,181
25,184
25,185
25,186
25,187
25,188
25,190
25,191
25,193
25,194
25,196
25,198
26,28
26,29
26,31
26,32
26,33
26,35
26,37
26,39
26,40
26,42
26,43
26,44
26,45
26,48
26,50
26,51
26,52
26,57
26,58
26,60
26,67
26,70
26,73
26,79
26,81
26,82
26,83
26,84
26,85
26,86
26,87
26,93
26,98
26,101
26,102
26,104
26,107
26,110
26,112
26,113
26,114
26,115
26,117
26,118
26,119
26,121
26,122
26,123
26,124
26,125
26,126
26,127
26,128
26,129
26,130
26,132
26,135
26,138
26,142
26,146
26,147
26,149
26,150
26,151
26,152
26,153
26,154
26,155
26,156
26,160
26,161
26,162
26,164
26,165
26,166
26,168
26,169
26,172
26,173
26,174
26,175
26,176
26,177
26,179
26,180
26,183
26,185
26,188
26,194
26,198
26,200
27,28
27,30
27,35
27,36
27,37
27,38
27,44
27,48
27,49
27,50
27,53
27,54
27,55
27,56
27,58
27,62
27,64
27,67
27,70
27,72
27,74
27,76
27,77
27,78
27,80
27,83
27,88
27,89
27,93
27,96
27,99
27,102
27,106
27,109
27,110
27,111
27,112
27,113
27,116
27,120
27,122
27,126
27,128
27,132
27,134
27,136
27,139
27,140
27,142
27,143
27,145
27,146
27,156
27,157
27,160
27,163
27,164
27,166
27,167
27,168
27,172
27,173
27,174
27,176
27,178
27,181
27,186
27,196
27,198
27,199
27,200
28,29
28,30
28,31
28,33
28,35
28,37
28,39
28,40
28,44
28,46
28,47
28,49
28,50
28,51
28,52
28,53
28,55
28,60
28,62
28,63
28,64
28,65
28,66
28,70
28,71
28,73
28,75
28,76
28,80
28,81
28,82
28,83
28,84
28,85
28,88
28,89
28,93
28,95
28,98
28,99
28,101
28,102
28,105
28,108
28,109
28,111
28,115
28,116
28,118
28,119
28,121
28,123
28,125
28,126
28,129
28,134
28,136
28,137
28,139
28,140
28,141
28,143
28,144
28,145
28,150
28,151
28,153
28,157
28,158
28,161
28,162
28,166
28,169
28,170
28,171
28,173
28,175
28,177
28,181
28,182
28,183
28,186
28,187
28,188
28,189
28,190
28,191
28,192
28,194
28,198
29,34
29,36
29,37
29,38
29,39
29,42
29,44
29,45
29,46
29,53
29,54
29,56
29,59
29,61
29,62
29,63
29,64
29,65
29,68
29,69
29,73
29,75
29,77
29,78
29,79
29,84
29,85
29,88
29,89
29,91
29,94
29,95
29,98
29,101
29,102
29,103
29,104
29,105
29,107
29,109
29,111
29,112
29,114
29,118
29,119
29,120
29,122
29,123
29,127
29,128
29,130
29,132
29,134
29,141
29,142
29,144
29,145
29,147
29,148
29,152
29,153
29,156
29,157
29,159
29,161
29,163
29,167
29,168
29,172
29,173
29,175
29,176
29,177
29,178
29,179
29,180
29,183
29,184
29,185
29,186
29,188
29,190
29,191
29,197
29,199
29,200
30,31
30,36
30,37
30,41
30,43
30,45
30,46
30,48
30,52
30,55
30,56
30,58
30,60
30,61
30,62
30,65
30,66
30,67
30,71
30,76
30,77
30,80
30,81
30,82
30,84
30,87
30,89
30,91
30,92
30,94
30,95
30,96
30,97
30,98
30,101
30,102
30,105
30,106
30,108
30,109
30,111
30,116
30,117
30,118
30,119
30,120
30,121
30,122
30,131
30,133
30,134
30,135
30,137
30,138
30,139
30,141
30,145
30,146
30,148
30,150
30,153
30,154
30,156
30,157
30,160
30,164
30,165
30,167
30,169
30,170
30,171
30,175
30,176
30,178
30,179
30,180
30,181
30,183
30,185
30,186
30,190
30,191
30,193
30,196
30,198
30,199
31,34
31,36
31,38
31,42
31,45
31,47
31,48
31,49
31,50
31,51
31,52
31,54
31,55
31,57
31,58
31,63
31,66
31,70
31,71
31,73
31,79
31,80
31,81
31,83
31,84
31,87
31,88
31,89
31,90
31,93
31,94
31,95
31,96
31,97
31,99
31,102
31,104
31,109
31,110
31,112
31,116
31,122
31,124
31,126
31,129
31,130
31,131
31,132
31,133
31,135
31,138
31,140
31,141
31,143
31,144
31,146
31,147
31,150
31,153
31,154
31,157
31,160
31,161
31,163
31,165
31,167
31,168
31,169
31,170
31,173
31,175
31,176
31,177
31,181
31,186
31,187
31,190
31,191
31,194
31,196
31,199
31,200
32,33
32,34
32,36
32,40
32,42
32,43
32,44
32,46
32,47
32,48
32,49
32,52
32,54
32,55
32,56
32,57
32,59
32,62
32,64
32,67
32,69
32,70
32,72
32,73
32,75
32,77
32,78
32,80
32,81
32,82
32,84
32,86
32,87
32,88
32,91
32,92
32,94
32,96
32,97
32,98
32,101
32,102
32,105
32,107
32,108
32,110
32,114
32,117
32,122
32,123
32,124
32,127
32,128
32,130
32,131
32,133
32,134
32,135
32,137
32,138
32,142
32,143
32,145
32,146
32,149
32,151
32,152
32,154
32,155
32,156
32,158
32,160
32,164
32,165
32,166
32,167
32,171
32,174
32,177
32,178
32,180
32,182
32,183
32,185
32,190
32,192
32,194
32,195
33,35
33,36
33,37
33,38
33,40
33,41
33,45
33,47
33,48
33,49
33,55
33,56
33,57
33,59
33,61
33,62
33,63
33,64
33,65
33,66
33,68
33,69
33,71
33,72
33,73
33,74
33,78
33,79
33,80
33,81
33,82
33,84
33,89
33,90
33,92
33,93
33,94
33,96
33,97
33,101
33,102
33,103
33,104
33,105
33,106
33,110
33,115
33,116
33,117
33,119
33,121
33,123
33,124
33,125
33,126
33,127
33,136
33,139
33,140
33,141
33,148
33,149
33,150
33,151
33,153
33,155
33,156
33,160
33,162
33,164
33,167
33,169
33,170
33,171
33,175
33,176
33,179
33,181
33,182
33,184
33,185
33,190
33,191
33,192
33,193
33,194
33,195
33,197
33,198
33,200
34,35
34,36
34,37
34,38
34,41
34,43
34,46
34,49
34,51
34,52
34,54
34,55
34,56
34,57
34,58
34,59
34,60
34,63
34,64
34,65
34,66
34,68
34,69
34,71
34,75
34,79
34,80
34,82
34,83
34,84
34,85
34,86
34,87
34,88
34,90
34,94
34,95
34,96
34,97
34,98
34,102
34,105
34,107
34,108
34,109
34,110
34,111
34,112
34,113
34,114
34,115
34,117
34,118
34,119
34,122
34,123
34,124
34,125
34,129
34,131
34,132
34,134
34,135
34,136
34,138
34,146
34,147
34,149
34,152
34,154
34,155
34,159
34,160
34,161
34,162
34,167
34,169
34,175
34,178
34,180
34,181
34,182
34,184
34,185
34,186
34,187
34,188
34,190
34,191
34,192
34,196
34,197
34,198
34,200
35,36
35,37
35,38
35,41
35,42
35,45
35,46
35,47
35,51
35,53
35,57
35,58
35,62
35,63
35,67
35,69
35,71
35,72
35,73
35,74
35,78
35,80
35,82
35,85
35,86
35,89
35,92
35,93
35,94
35,95
35,97
35,98
35,99
35,101
35,102
35,104
35,105
35,116
35,119
35,121
35,122
35,123
35,124
35,125
35,129
35,131
35,133
35,136
35,138
35,141
35,144
35,145
35,146
35,150
35,151
35,152
35,154
35,157
35,162
35,166
35,168
35,169
35,170
35,173
35,175
35,177
35,180
35,181
35,182
35,184
35,187
35,188
35,189
35,191
35,197
36,37
36,43
36,44
36,45
36,49
36,51
36,59
36,61
36,62
36,64
36,66
36,68
36,75
36,76
36,77
36,80
36,84
36,85
36,89
36,94
36,97
36,98
36,101
36,104
36,107
36,110
36,111
36,112
36,113
36,117
36,118
36,119
36,120
36,125
36,127
36,129
36,130
36,134
36,135
36,136
36,137
36,142
36,144
36,146
36,148
36,150
36,151
36,152
36,154
36,155
36,156
36,159
36,162
36,163
36,164
36,165
36,166
36,167
36,170
36,172
36,173
36,178
36,179
36,180
36,181
36,182
36,184
36,185
36,186
36,187
36,190
36,192
36,194
36,195
36,196
37,38
37,41
37,42
37,43
37,48
37,51
37,59
37,61
37,64
37,67
37,70
37,72
37,73
37,77
37,78
37,82
37,83
37,84
37,85
37,87
37,88
37,89
37,91
37,94
37,95
37,97
37,98
37,99
37,100
37,101
37,103
37,107
37,109
37,112
37,115
37,118
37,119
37,123
37,125
37,129
37,130
37,131
37,134
37,135
37,144
37,145
37,147
37,156
37,158
37,159
37,161
37,163
37,166
37,168
37,171
37,175
37,180
37,182
37,183
37,188
37,191
37,192
37,194
37,195
37,199
37,200
38,39
38,40
38,44
38,45
38,47
38,51
38,53
38,54
38,58
38,60
38,61
38,64
38,65
38,66
38,67
38,69
38,70
38,71
38,73
38,74
38,75
38,77
38,79
38,80
38,83
38,84
38,86
38,87
38,89
38,90
38,92
38,95
38,97
38,98
38,99
38,100
38,101
38,104
38,106
38,108
38,111
38,113
38,114
38,115
38,119
38,122
38,123
38,127
38,130
38,131
38,134
38,135
38,136
38,138
38,143
38,145
38,152
38,154
38,155
38,156
38,158
38,159
38,160
38,162
38,163
38,165
38,167
38,173
38,175
38,176
38,178
38,179
38,181
38,184
38,185
38,186
38,187
38,189
38,191
38,192
38,193
38,194
38,196
38,199
38,200
39,40
39,42
39,44
39,46
39,47
39,51
39,54
39,55
39,56
39,57
39,64
39,65
39,66
39,67
39,69
39,74
39,81
39,83
39,86
39,88
39,89
39,90
39,91
39,92
39,93
39,94
39,97
39,99
39,104
39,105
39,107
39,109
39,110
39,111
39,112
39,113
39,116
39,117
39,119
39,120
39,121
39,123
39,124
39,125
39,126
39,131
39,132
39,133
39,135
39,138
39,140
39,141
39,143
39,144
39,145
39,146
39,147
39,148
39,153
39,154
39,155
39,156
39,158
39,161
39,162
39,164
39,167
39,170
39,171
39,172
39,173
39,175
39,177
39,179
39,180
39,183
39,185
39,186
39,188
39,191
39,194
39,195
39,196
39,197
39,199
39,200
40,42
40,43
40,44
40,46
40,49
40,54
40,57
40,58
40,59
40,60
40,65
40,69
40,72
40,76
40,78
40,79
40,82
40,84
40,85
40,87
40,88
40,89
40,92
40,96
40,104
40,105
40,106
40,107
40,110
40,112
40,113
40,114
40,117
40,119
40,121
40,123
40,126
40,127
40,128
40,129
40,130
40,131
40,132
40,133
40,134
40,139
40,140
40,149
40,151
40,152
40,154
40,158
40,159
40,163
40,166
40,167
40,172
40,174
40,175
40,178
40,181
40,182
40,183
40,184
40,185
40,186
40,187
40,189
40,190
40,191
40,192
40,193
40,194
40,199
41,43
41,44
41,45
41,48
41,49
41,51
41,53
41,57
41,58
41,59
41,61
41,62
41,69
41,71
41,73
41,74
41,78
41,86
41,88
41,89
41,91
41,94
41,95
41,101
41,102
41,103
41,105
41,107
41,108
41,112
41,113
41,114
41,116
41,117
41,118
41,119
41,122
41,123
41,124
41,125
41,126
41,127
41,131
41,132
41,134
41,137
41,139
41,140
41,141
41,143
41,145
41,146
41,147
41,149
41,150
41,151
41,152
41,153
41,155
41,157
41,159
41,160
41,162
41,164
41,167
41,168
41,169
41,171
41,172
41,174
41,180
41,181
41,182
41,183
41,184
41,185
41,186
41,190
41,192
41,194
42,44
42,46
42,49
42,50
42,53
42,64
42,66
42,67
42,71
42,73
42,74
42,75
42,77
42,79
42,80
42,82
42,86
42,89
42,91
42,95
42,97
42,101
42,103
42,104
42,107
42,108
42,109
42,111
42,112
42,113
42,114
42,117
42,118
42,121
42,122
42,123
42,131
42,134
42,137
42,138
42,140
42,143
42,146
42,149
42,150
42,151
42,154
42,161
42,163
42,166
42,168
42,173
42,174
42,175
42,179
42,181
42,182
42,186
42,188
42,189
42,193
42,195
42,196
42,197
42,199
43,45
43,47
43,48
43,50
43,52
43,53
43,56
43,57
43,58
43,60
43,65
43,66
43,71
43,72
43,73
43,76
43,77
43,78
43,79
43,82
43,85
43,86
43,88
43,89
43,90
43,91
43,92
43,95
43,97
43,98
43,99
43,100
43,102
43,103
43,106
43,107
43,109
43,119
43,121
43,124
43,125
43,126
43,128
43,130
43,132
43,134
43,139
43,145
43,149
43,152
43,156
43,158
43,161
43,162
43,165
43,170
43,171
43,172
43,177
43,180
43,181
43,185
43,186
43,190
43,199
44,47
44,48
44,49
44,50
44,52
44,54
44,55
44,56
44,57
44,59
44,62
44,63
44,69
44,71
44,76
44,84
44,85
44,86
44,87
44,88
44,90
44,93
44,94
44,95
44,96
44,98
44,99
44,100
44,105
44,106
44,108
44,111
44,114
44,115
44,118
44,120
44,121
44,123
44,124
44,126
44,127
44,131
44,134
44,135
44,137
44,140
44,143
44,144
44,146
44,149
44,154
44,158
44,159
44,163
44,164
44,165
44,166
44,167
44,169
44,170
44,171
44,172
44,173
44,174
44,176
44,178
44,179
44,180
44,182
44,184
44,185
44,187
44,189
44,191
44,195
44,196
44,197
45,47
45,48
45,54
45,55
45,56
45,57
45,58
45,60
45,61
45,62
45,65
45,66
45,67
45,68
45,71
45,72
45,74
45,76
45,82
45,85
45,88
45,89
45,90
45,92
45,94
45,95
45,96
45,99
45,101
45,105
45,106
45,111
45,113
45,114
45,119
45,120
45,123
45,124
45,125
45,126
45,127
45,128
45,129
45,130
45,132
45,135
45,137
45,139
45,140
45,141
45,142
45,143
45,144
45,148
45,149
45,150
45,151
45,152
45,153
45,156
45,157
45,158
45,159
45,160
45,161
45,162
45,163
45,164
45,165
45,166
45,167
45,169
45,170
45,171
45,174
45,176
45,179
45,182
45,183
45,185
45,186
45,187
45,190
45,194
45,195
46,47
46,50
46,52
46,54
46,55
46,56
46,57
46,58
46,59
46,60
46,61
46,62
46,63
46,72
46,73
46,75
46,76
46,77
46,79
46,83
46,86
46,91
46,92
46,93
46,95
46,96
46,97
46,99
46,101
46,102
46,105
46,107
46,109
46,110
46,112
46,116
46,119
46,121
46,122
46,123
46,125
46,127
46,128
46,131
46,133
46,134
46,135
46,136
46,138
46,139
46,142
46,144
46,146
46,150
46,152
46,153
46,155
46,158
46,162
46,163
46,166
46,167
46,168
46,169
46,171
46,172
46,175
46,176
46,177
46,180
46,183
46,187
46,189
46,193
46,196
46,198
47,51
47,52
47,55
47,56
47,58
47,59
47,61
47,62
47,64
47,66
47,67
47,68
47,71
47,74
47,75
47,76
47,78
47,79
47,82
47,84
47,87
47,90
47,92
47,93
47,95
47,97
47,98
47,103
47,104
47,106
47,107
47,109
47,110
47,112
47,113
47,115
47,116
47,118
47,119
47,120
47,124
47,127
47,128
47,129
47,131
47,132
47,133
47,136
47,137
47,141
47,142
47,143
47,145
47,148
47,150
47,151
47,153
47,154
47,155
47,156
47,158
47,160
47,166
47,167
47,168
47,172
47,173
47,174
47,175
47,176
47,177
47,179
47,180
47,181
47,185
47,186
47,188
47,189
47,191
47,193
47,194
47,197
47,198
47,199
48,51
48,52
48,55
48,56
48,58
48,59
48,60
48,62
48,63
48,64
48,66
48,67
48,69
48,71
48,72
48,75
48,76
48,78
48,80
48,82
48,83
48,84
48,85
48,86
48,87
48,88
48,89
48,92
48,94
48,95
48,96
48,97
48,98
48,99
48,100
48,101
48,103
48,104
48,106
48,107
48,108
48,109
48,111
48,112
48,118
48,120
48,122
48,124
48,125
48,126
48,127
48,128
48,130
48,132
48,133
48,136
48,139
48,140
48,141
48,142
48,143
48,145
48,146
48,149
48,150
48,151
48,153
48,154
48,157
48,158
48,160
48,162
48,170
48,174
48,175
48,176
48,177
48,178
48,185
48,187
48,188
48,190
48,192
48,193
48,194
48,196
48,197
48,199
49,52
49,57
49,58
49,59
49,61
49,62
49,63
49,64
49,67
49,68
49,73
49,74
49,76
49,78
49,79
49,82
49,83
49,84
49,85
49,87
49,88
49,91
49,93
49,95
49,97
49,98
49,99
49,100
49,101
49,102
49,105
49,107
49,112
49,114
49,115
49,119
49,120
49,121
49,122
49,124
49,125
49,126
49,128
49,130
49,131
49,133
49,135
49,136
49,139
49,141
49,142
49,145
49,146
49,150
49,151
49,154
49,161
49,163
49,165
49,166
49,167
49,169
49,171
49,174
49,175
49,177
49,178
49,180
49,182
49,185
49,187
49,188
49,195
49,196
49,199
49,200
50,53
50,55
50,58
50,59
50,65
50,66
50,69
50,71
50,72
50,75
50,76
50,77
50,80
50,81
50,82
50,83
50,89
50,90
50,91
50,93
50,99
50,100
50,103
50,105
50,106
50,107
50,109
50,110
50,111
50,112
50,113
50,117
50,118
50,119
50,122
50,123
50,125
50,127
50,128
50,130
50,132
50,133
50,134
50,137
50,143
50,144
50,145
50,146
50,147
50,149
50,150
50,152
50,155
50,156
50,158
50,159
50,161
50,163
50,168
50,172
50,174
50,177
50,178
50,179
50,182
50,184
50,185
50,187
50,188
50,189
50,191
50,194
50,195
50,196
50,199
50,200
51,52
51,53
51,54
51,55
51,57
51,59
51,62
51,63
51,65
51,66
51,68
51,69
51,74
51,75
51,76
51,78
51,81
51,85
51,86
51,87
51,89
51,90
51,95
51,96
51,97
51,99
51,100
51,103
51,104
51,105
51,106
51,107
51,109
51,110
51,111
51,112
51,113
51,116
51,119
51,120
51,121
51,126
51,128
51,129
51,132
51,135
51,138
51,139
51,141
51,142
51,143
51,144
51,145
51,146
51,147
51,149
51,155
51,161
51,165
51,170
51,171
51,172
51,175
51,176
51,178
51,180
51,182
51,183
51,186
51,187
51,188
51,189
51,194
51,195
51,196
51,198
51,199
52,53
52,55
52,59
52,60
52,61
52,62
52,63
52,67
52,70
52,71
52,72
52,73
52,77
52,81
52,87
52,90
52,92
52,93
52,94
52,95
52,97
52,99
52,101
52,104
52,107
52,109
52,110
52,111
52,114
52,116
52,120
52,122
52,124
52,128
52,129
52,131
52,133
52,134
52,138
52,139
52,140
52,141
52,143
52,144
52,147
52,148
52,152
52,154
52,156
52,157
52,159
52,162
52,163
52,164
52,166
52,168
52,169
52,172
52,177
52,178
52,179
52,183
52,184
52,186
52,187
52,188
52,189
52,190
52,192
52,194
52,199
53,54
53,57
53,59
53,61
53,63
53,64
53,65
53,66
53,67
53,68
53,71
53,72
53,79
53,80
53,81
53,82
53,86
53,87
53,88
53,89
53,90
53,91
53,93
53,95
53,96
53,99
53,101
53,102
53,103
53,104
53,106
53,108
53,110
53,115
53,116
53,117
53,118
53,121
53,123
53,124
53,125
53,126
53,131
53,132
53,133
53,135
53,138
53,143
53,144
53,145
53,148
53,150
53,154
53,156
53,157
53,163
53,166
53,167
53,168
53,169
53,170
53,172
53,176
53,178
53,179
53,181
53,182
53,184
53,185
53,186
53,187
53,190
53,191
53,192
53,193
53,195
53,196
53,199
53,200
54,55
54,57
54,60
54,62
54,64
54,67
54,69
54,71
54,74
54,75
54,76
54,77
54,78
54,79
54,80
54,82
54,83
54,84
54,86
54,89
54,91
54,93
54,96
54,97
54,99
54,100
54,101
54,102
54,103
54,104
54,107
54,108
54,109
54,111
54,114
54,117
54,119
54,121
54,123
54,125
54,128
54,129
54,130
54,134
54,136
54,138
54,139
54,141
54,147
54,148
54,149
54,155
54,158
54,159
54,161
54,163
54,164
54,166
54,167
54,168
54,169
54,172
54,173
54,174
54,176
54,178
54,180
54,183
54,184
54,188
54,189
54,190
54,191
54,193
54,194
54,195
54,198
54,199
55,62
55,66
55,68
55,69
55,71
55,72
55,73
55,74
55,75
55,76
55,79
55,80
55,81
55,83
55,84
55,89
55,90
55,94
55,102
55,103
55,104
55,110
55,112
55,113
55,116
55,117
55,120
55,122
55,123
55,125
55,126
55,127
55,129
55,132
55,133
55,134
55,135
55,136
55,140
55,142
55,147
55,148
55,149
55,152
55,153
55,155
55,157
55,159
55,163
55,165
55,167
55,170
55,171
55,174
55,175
55,177
55,182
55,183
55,194
55,195
55,197
55,198
55,199
56,58
56,61
56,64
56,65
56,66
56,68
56,71
56,72
56,76
56,78
56,79
56,80
56,85
56,87
56,88
56,89
56,91
56,96
56,97
56,98
56,99
56,101
56,103
56,106
56,107
56,108
56,109
56,110
56,111
56,112
56,115
56,116
56,117
56,118
56,120
56,125
56,126
56,131
56,133
56,135
56,136
56,137
56,139
56,142
56,145
56,149
56,150
56,154
56,156
56,159
56,162
56,164
56,168
56,169
56,172
56,173
56,174
56,175
56,176
56,177
56,178
56,179
56,180
56,181
56,184
56,185
56,186
56,190
56,191
56,192
56,193
56,195
56,198
57,59
57,63
57,67
57,74
57,79
57,80
57,83
57,87
57,88
57,89
57,90
57,91
57,94
57,95
57,96
57,98
57,99
57,100
57,102
57,104
57,105
57,106
57,111
57,112
57,113
57,114
57,115
57,116
57,118
57,119
57,120
57,122
57,123
57,124
57,125
57,128
57,129
57,130
57,131
57,132
57,134
57,135
57,136
57,137
57,140
57,141
57,142
57,143
57,150
57,151
57,152
57,153
57,154
57,155
57,157
57,163
57,165
57,166
57,167
57,168
57,169
57,172
57,174
57,175
57,178
57,181
57,183
57,184
57,185
57,188
57,189
57,190
57,192
57,193
57,194
57,196
57,199
57,200
58,60
58,70
58,71
58,73
58,74
58,75
58,77
58,79
58,81
58,83
58,84
58,85
58,88
58,89
58,90
58,94
58,95
58,99
58,103
58,105
58,108
58,110
58,113
58,114
58,115
58,116
58,117
58,118
58,120
58,123
58,125
58,126
58,129
58,132
58,134
58,135
58,137
58,142
58,143
58,144
58,148
58,149
58,150
58,151
58,152
58,153
58,154
58,158
58,161
58,163
58,164
58,166
58,167
58,168
58,169
58,172
58,174
58,176
58,177
58,178
58,179
58,181
58,182
58,184
58,188
58,189
58,191
58,192
58,195
58,197
58,199
59,60
59,64
59,65
59,66
59,68
59,69
59,74
59,75
59,77
59,79
59,80
59,81
59,82
59,87
59,92
59,93
59,94
59,95
59,96
59,99
59,100
59,103
59,109
59,111
59,116
59,118
59,119
59,121
59,123
59,124
59,130
59,131
59,136
59,141
59,143
59,147
59,148
59,149
59,151
59,153
59,154
59,155
59,158
59,160
59,161
59,163
59,168
59,170
59,171
59,172
59,173
59,177
59,178
59,180
59,181
59,185
59,186
59,188
59,189
59,190
59,191
59,196
59,199
60,63
60,64
60,65
60,66
60,67
60,70
60,71
60,75
60,76
60,77
60,78
60,79
60,81
60,84
60,85
60,86
60,87
60,88
60,89
60,91
60,94
60,102
60,103
60,108
60,109
60,110
60,112
60,113
60,115
60,116
60,118
60,123
60,126
60,127
60,131
60,133
60,135
60,140
60,141
60,142
60,147
60,149
60,150
60,151
60,152
60,154
60,158
60,159
60,160
60,163
60,164
60,167
60,172
60,175
60,176
60,177
60,178
60,179
60,185
60,187
60,192
60,193
60,195
60,197
60,198
60,200
61,63
61,64
61,71
61,72
61,73
61,77
61,78
61,84
61,88
61,90
61,93
61,97
61,101
61,102
61,106
61,107
61,108
61,109
61,110
61,111
61,114
61,118
61,119
61,120
61,121
61,125
61,126
61,127
61,128
61,130
61,132
61,133
61,138
61,139
61,140
61,145
61,146
61,148
61,151
61,152
61,154
61,156
61,158
61,161
61,163
61,164
61,165
61,168
61,174
61,175
61,178
61,182
61,184
61,185
61,186
61,187
61,189
61,191
61,193
61,194
61,196
61,197
61,198
62,63
62,65
62,69
62,70
62,73
62,74
62,75
62,76
62,78
62,79
62,80
62,81
62,82
62,84
62,85
62,87
62,89
62,90
62,93
62,94
62,95
62,99
62,101
62,102
62,103
62,105
62,107
62,112
62,113
62,120
62,121
62,122
62,123
62,124
62,125
62,127
62,132
62,133
62,137
62,138
62,139
62,142
62,143
62,145
62,146
62,148
62,150
62,151
62,152
62,157
62,160
62,161
62,164
62,165
62,166
62,167
62,168
62,169
62,170
62,172
62,173
62,175
62,178
62,179
62,181
62,182
62,183
62,184
62,185
62,186
62,187
62,188
62,189
62,190
62,191
62,193
62,195
62,197
62,200
63,66
63,69
63,70
63,76
63,77
63,80
63,81
63,82
63,86
63,87
63,95
63,96
63,99
63,100
63,102
63,104
63,105
63,107
63,109
63,110
63,113
63,114
63,118
63,119
63,120
63,123
63,126
63,127
63,130
63,131
63,132
63,133
63,135
63,136
63,138
63,144
63,147
63,149
63,153
63,154
63,155
63,158
63,160
63,164
63,167
63,169
63,172
63,173
63,175
63,176
63,179
63,180
63,182
63,183
63,185
63,186
63,188
63,189
63,190
63,191
63,194
63,195
63,197
63,198
63,199
64,65
64,66
64,68
64,70
64,72
64,73
64,75
64,76
64,77
64,78
64,79
64,80
64,87
64,90
64,91
64,93
64,94
64,95
64,96
64,97
64,98
64,100
64,102
64,103
64,105
64,107
64,112
64,116
64,117
64,118
64,119
64,120
64,122
64,125
64,126
64,127
64,130
64,133
64,145
64,146
64,152
64,153
64,155
64,156
64,157
64,158
64,160
64,164
64,165
64,166
64,169
64,172
64,174
64,175
64,177
64,179
64,180
64,183
64,184
64,185
64,186
64,190
64,191
64,193
64,196
64,197
64,198
64,199
65,68
65,69
65,73
65,75
65,76
65,77
65,79
65,86
65,87
65,94
65,95
65,102
65,103
65,106
65,107
65,108
65,109
65,110
65,119
65,120
65,122
65,125
65,126
65,129
65,131
65,132
65,134
65,136
65,143
65,144
65,146
65,147
65,148
65,149
65,151
65,152
65,155
65,158
65,159
65,163
65,164
65,169
65,174
65,176
65,177
65,179
65,181
65,183
65,185
65,186
65,187
65,192
65,193
65,195
65,197
65,199
65,200
66,67
66,70
66,74
66,75
66,78
66,79
66,80
66,82
66,88
66,90
66,92
66,94
66,95
66,96
66,98
66,99
66,102
66,106
66,107
66,108
66,109
66,110
66,111
66,114
66,118
66,119
66,121
66,122
66,123
66,126
66,128
66,132
66,134
66,135
66,137
66,143
66,145
66,148
66,150
66,153
66,155
66,159
66,163
66,164
66,165
66,172
66,173
66,174
66,175
66,176
66,178
66,179
66,181
66,182
66,183
66,184
66,186
66,188
66,190
66,192
66,194
66,197
66,199
67,68
67,70
67,71
67,74
67,76
67,80
67,81
67,83
67,86
67,88
67,89
67,90
67,91
67,92
67,95
67,96
67,98
67,100
67,102
67,104
67,107
67,109
67,110
67,112
67,113
67,114
67,116
67,118
67,121
67,122
67,125
67,126
67,129
67,131
67,134
67,141
67,142
67,143
67,145
67,146
67,149
67,150
67,153
67,158
67,159
67,160
67,161
67,163
67,164
67,173
67,174
67,177
67,178
67,179
67,180
67,181
67,182
67,189
67,190
67,191
67,192
67,197
67,198
67,199
67,200
68,69
68,70
68,73
68,74
68,75
68,76
68,77
68,80
68,81
68,82
68,84
68,85
68,87
68,88
68,90
68,91
68,92
68,94
68,96
68,97
68,98
68,101
68,104
68,106
68,109
68,111
68,114
68,117
68,118
68,119
68,120
68,121
68,123
68,124
68,125
68,126
68,127
68,128
68,130
68,131
68,132
68,134
68,135
68,137
68,140
68,141
68,142
68,144
68,147
68,149
68,151
68,152
68,154
68,155
68,157
68,158
68,159
68,160
68,161
68,162
68,163
68,164
68,165
68,166
68,168
68,169
68,171
68,172
68,173
68,174
68,175
68,176
68,177
68,179
68,183
68,188
68,189
68,191
68,192
68,194
68,197
69,72
69,73
69,74
69,75
69,77
69,78
69,79
69,80
69,82
69,83
69,84
69,86
69,87
69,88
69,90
69,91
69,92
69,93
69,94
69,96
69,97
69,98
69,101
69,103
69,108
69,111
69,113
69,116
69,117
69,118
69,119
69,121
69,124
69,125
69,126
69,127
69,130
69,133
69,136
69,137
69,138
69,139
69,143
69,146
69,149
69,151
69,152
69,153
69,154
69,155
69,156
69,157
69,160
69,161
69,162
69,163
69,165
69,170
69,171
69,172
69,175
69,177
69,178
69,179
69,180
69,181
69,185
69,187
69,189
69,190
69,191
69,192
69,195
69,196
69,198
69,199
69,200
70,74
70,75
70,76
70,78
70,79
70,80
70,85
70,86
70,90
70,91
70,92
70,94
70,95
70,96
70,97
70,100
70,102
70,106
70,108
70,110
70,111
70,112
70,113
70,114
70,115
70,116
70,119
70,121
70,128
70,131
70,137
70,138
70,139
70,141
70,144
70,146
70,147
70,148
70,151
70,153
70,158
70,159
70,160
70,162
70,163
70,165
70,166
70,168
70,169
70,173
70,175
70,179
70,180
70,182
70,186
70,189
70,191
70,192
70,193
70,197
70,198
70,199
70,200
71,73
71,75
71,80
71,85
71,87
71,90
71,91
71,93
71,94
71,95
71,97
71,98
71,99
71,100
71,101
71,102
71,103
71,107
71,112
71,116
71,118
71,120
71,121
71,124
71,125
71,127
71,128
71,129
71,131
71,132
71,133
71,135
71,140
71,141
71,145
71,146
71,147
71,148
71,149
71,150
71,151
71,154
71,155
71,160
71,161
71,163
71,165
71,167
71,170
71,171
71,172
71,175
71,176
71,177
71,179
71,181
71,182
71,183
71,186
71,187
71,188
71,190
71,192
71,193
71,197
71,198
71,200
72,73
72,78
72,81
72,82
72,84
72,87
72,90
72,92
72,93
72,94
72,97
72,98
72,102
72,103
72,104
72,110
72,111
72,112
72,116
72,117
72,118
72,120
72,121
72,122
72,124
72,125
72,126
72,127
72,131
72,134
72,135
72,137
72,138
72,139
72,140
72,142
72,144
72,146
72,150
72,152
72,153
72,154
72,158
72,159
72,160
72,166
72,168
72,172
72,175
72,178
72,179
72,180
72,181
72,182
72,186
72,187
72,188
72,191
72,193
72,194
72,195
72,198
73,74
73,75
73,77
73,79
73,81
73,82
73,85
73,87
73,88
73,89
73,91
73,92
73,94
73,97
73,101
73,104
73,107
73,108
73,109
73,110
73,111
73,115
73,117
73,120
73,122
73,123
73,125
73,126
73,127
73,128
73,129
73,131
73,134
73,136
73,137
73,138
73,148
73,149
73,151
73,152
73,154
73,155
73,159
73,162
73,163
73,167
73,168
73,169
73,170
73,174
73,175
73,177
73,179
73,182
73,183
73,184
73,186
73,187
73,189
73,190
73,192
73,195
73,196
73,197
74,76
74,77
74,79
74,81
74,83
74,85
74,91
74,92
74,93
74,94
74,95
74,97
74,98
74,99
74,101
74,104
74,106
74,107
74,108
74,112
74,113
74,114
74,115
74,116
74,117
74,121
74,123
74,124
74,125
74,130
74,133
74,136
74,137
74,138
74,139
74,141
74,143
74,145
74,147
74,149
74,154
74,155
74,156
74,157
74,159
74,161
74,164
74,166
74,167
74,170
74,173
74,175
74,178
74,182
74,183
74,186
74,187
74,188
74,189
74,192
74,194
74,195
74,196
74,197
74,198
74,199
74,200
75,76
75,80
75,85
75,86
75,87
75,91
75,95
75,96
75,97
75,102
75,104
75,106
75,108
75,113
75,114
75,115
75,119
75,124
75,125
75,127
75,128
75,129
75,131
75,132
75,136
75,137
75,139
75,141
75,150
75,153
75,155
75,157
75,158
75,160
75,163
75,165
75,168
75,170
75,172
75,173
75,176
75,178
75,179
75,184
75,185
75,186
75,189
75,194
75,199
75,200
76,77
76,83
76,84
76,89
76,93
76,95
76,98
76,100
76,101
76,104
76,105
76,107
76,109
76,110
76,112
76,113
76,116
76,119
76,120
76,121
76,123
76,126
76,131
76,133
76,134
76,135
76,136
76,137
76,138
76,139
76,143
76,145
76,147
76,148
76,151
76,153
76,155
76,157
76,158
76,159
76,162
76,164
76,165
76,166
76,168
76,169
76,170
76,171
76,172
76,174
76,175
76,177
76,178
76,179
76,183
76,184
76,185
76,187
76,190
76,195
76,197
76,199
76,200
77,81
77,82
77,87
77,88
77,89
77,92
77,94
77,95
77,96
77,97
77,101
77,103
77,106
77,108
77,109
77,113
77,114
77,115
77,119
77,120
77,124
77,127
77,128
77,135
77,137
77,140
77,141
77,143
77,144
77,148
77,152
77,153
77,155
77,157
77,158
77,160
77,162
77,164
77,167
77,169
77,170
77,171
77,172
77,173
77,174
77,176
77,178
77,180
77,181
77,182
77,184
77,185
77,187
77,189
77,190
77,191
77,192
77,194
77,195
77,198
77,199
77,200
78,81
78,82
78,84
78,85
78,87
78,88
78,89
78,90
78,91
78,92
78,93
78,94
78,98
78,99
78,101
78,102
78,103
78,104
78,105
78,107
78,108
78,109
78,110
78,112
78,114
78,115
78,117
78,118
78,119
78,121
78,123
78,124
78,126
78,127
78,128
78,130
78,132
78,133
78,134
78,139
78,140
78,141
78,142
78,143
78,144
78,145
78,147
78,148
78,150
78,152
78,153
78,154
78,155
78,156
78,158
78,160
78,165
78,166
78,170
78,172
78,174
78,176
78,178
78,182
78,183
78,184
78,187
78,189
78,192
78,193
78,196
78,197
78,198
78,199
79,80
79,81
79,82
79,84
79,88
79,92
79,93
79,96
79,97
79,99
79,103
79,105
79,108
79,110
79,113
79,117
79,118
79,120
79,122
79,124
79,125
79,127
79,132
79,136
79,138
79,139
79,141
79,142
79,143
79,144
79,146
79,148
79,151
79,154
79,156
79,157
79,159
79,161
79,162
79,163
79,165
79,167
79,168
79,170
79,172
79,174
79,175
79,177
79,180
79,181
79,182
79,184
79,187
79,188
79,189
79,190
79,200
80,83
80,84
80,85
80,87
80,89
80,90
80,92
80,94
80,95
80,99
80,100
80,101
80,103
80,104
80,105
80,106
80,107
80,115
80,116
80,120
80,121
80,123
80,125
80,128
80,130
80,131
80,132
80,133
80,134
80,135
80,136
80,140
80,141
80,145
80,146
80,147
80,148
80,149
80,150
80,151
80,155
80,156
80,157
80,160
80,161
80,162
80,166
80,167
80,168
80,171
80,172
80,173
80,176
80,177
80,178
80,179
80,182
80,187
80,188
80,189
80,191
80,192
80,193
80,195
80,196
81,82
81,83
81,84
81,87
81,89
81,91
81,93
81,96
81,97
81,99
81,102
81,104
81,105
81,106
81,108
81,109
81,110
81,111
81,112
81,113
81,114
81,119
81,120
81,125
81,126
81,128
81,132
81,134
81,138
81,139
81,141
81,143
81,145
81,149
81,150
81,152
81,153
81,155
81,158
81,159
81,161
81,162
81,166
81,167
81,169
81,175
81,179
81,180
81,183
81,185
81,187
81,188
81,189
81,191
81,195
81,196
81,199
81,200
82,84
82,86
82,90
82,93
82,94
82,97
82,101
82,102
82,103
82,105
82,106
82,107
82,110
82,113
82,115
82,116
82,117
82,118
82,119
82,120
82,121
82,122
82,125
82,126
82,129
82,130
82,132
82,133
82,134
82,136
82,139
82,140
82,141
82,148
82,149
82,150
82,152
82,156
82,158
82,160
82,161
82,163
82,164
82,165
82,166
82,171
82,173
82,174
82,177
82,179
82,180
82,182
82,186
82,187
82,188
82,193
82,197
82,198
82,199
82,200
83,84
83,85
83,86
83,89
83,91
83,92
83,93
83,94
83,95
83,98
83,99
83,101
83,103
83,104
83,105
83,107
83,108
83,115
83,116
83,117
83,119
83,122
83,123
83,124
83,127
83,128
83,129
83,131
83,134
83,136
83,138
83,140
83,141
83,143
83,146
83,148
83,150
83,152
83,153
83,154
83,156
83,159
83,161
83,163
83,165
83,166
83,167
83,168
83,170
83,171
83,175
83,176
83,177
83,178
83,180
83,184
83,185
83,187
83,189
83,193
83,194
83,196
83,197
83,199
84,86
84,88
84,90
84,92
84,94
84,96
84,97
84,98
84,99
84,101
84,102
84,103
84,105
84,106
84,107
84,109
84,110
84,111
84,120
84,122
84,123
84,125
84,127
84,128
84,129
84,133
84,134
84,135
84,136
84,137
84,140
84,141
84,142
84,143
84,145
84,146
84,149
84,150
84,151
84,153
84,158
84,159
84,160
84,161
84,163
84,166
84,171
84,174
84,176
84,179
84,182
84,183
84,185
84,192
84,193
84,194
84,195
84,196
84,198
85,88
85,89
85,90
85,91
85,94
85,96
85,97
85,98
85,99
85,101
85,102
85,103
85,108
85,109
85,110
85,111
85,114
85,115
85,119
85,121
85,122
85,125
85,127
85,128
85,131
85,132
85,133
85,135
85,136
85,137
85,140
85,141
85,145
85,147
85,150
85,152
85,153
85,154
85,156
85,157
85,161
85,165
85,169
85,170
85,173
85,174
85,177
85,179
85,180
85,181
85,186
85,191
85,193
85,194
85,195
85,197
85,199
86,88
86,89
86,92
86,94
86,95
86,98
86,99
86,105
86,106
86,109
86,110
86,111
86,113
86,115
86,122
86,123
86,124
86,125
86,126
86,127
86,130
86,134
86,135
86,136
86,137
86,141
86,142
86,145
86,146
86,147
86,148
86,152
86,155
86,156
86,157
86,159
86,160
86,161
86,162
86,163
86,167
86,168
86,171
86,174
86,176
86,178
86,182
86,183
86,185
86,187
86,188
86,190
86,196
86,197
86,198
86,200
87,90
87,93
87,94
87,98
87,100
87,101
87,102
87,103
87,105
87,107
87,108
87,111
87,113
87,114
87,115
87,118
87,119
87,120
87,121
87,125
87,128
87,131
87,134
87,135
87,136
87,142
87,144
87,146
87,148
87,149
87,150
87,152
87,160
87,161
87,162
87,163
87,166
87,167
87,170
87,172
87,173
87,177
87,178
87,180
87,181
87,186
87,188
87,189
87,190
87,191
87,194
87,195
87,196
87,197
87,198
87,200
88,89
88,90
88,91
88,94
88,95
88,98
88,99
88,101
88,102
88,103
88,104
88,106
88,109
88,113
88,115
88,116
88,117
88,118
88,119
88,120
88,121
88,122
88,123
88,124
88,133
88,134
88,135
88,136
88,140
88,143
88,147
88,149
88,150
88,153
88,155
88,156
88,157
88,158
88,160
88,161
88,162
88,164
88,165
88,166
88,167
88,168
88,169
88,170
88,172
88,173
88,179
88,182
88,187
88,188
88,189
88,195
88,196
88,197
88,198
88,199
88,200
89,91
89,92
89,94
89,95
89,101
89,105
89,106
89,107
89,111
89,115
89,118
89,120
89,122
89,123
89,125
89,126
89,128
89,131
89,132
89,134
89,139
89,142
89,144
89,145
89,146
89,147
89,148
89,151
89,154
89,155
89,156
89,158
89,159
89,160
89,161
89,162
89,165
89,166
89,168
89,169
89,170
89,171
89,172
89,175
89,178
89,179
89,184
89,188
89,190
89,192
89,195
89,196
89,197
90,91
90,95
90,97
90,100
90,101
90,104
90,105
90,106
90,109
90,110
90,111
90,112
90,115
90,117
90,118
90,119
90,120
90,124
90,125
90,131
90,132
90,133
90,134
90,138
90,140
90,141
90,142
90,148
90,149
90,151
90,152
90,153
90,155
90,157
90,158
90,159
90,162
90,163
90,167
90,168
90,172
90,173
90,174
90,175
90,177
90,178
90,179
90,180
90,183
90,187
90,190
90,193
90,194
90,195
90,196
90,198
90,199
90,200
91,92
91,93
91,96
91,97
91,98
91,99
91,100
91,104
91,105
91,106
91,109
91,110
91,114
91,118
91,120
91,123
91,124
91,128
91,131
91,133
91,134
91,135
91,140
91,141
91,146
91,147
91,148
91,151
91,157
91,158
91,161
91,162
91,170
91,171
91,173
91,174
91,177
91,180
91,181
91,182
91,187
91,189
91,190
91,191
91,193
91,194
91,200
92,93
92,94
92,96
92,97
92,98
92,100
92,102
92,105
92,106
92,107
92,111
92,113
92,114
92,115
92,116
92,117
92,119
92,120
92,122
92,127
92,128
92,131
92,133
92,134
92,141
92,143
92,144
92,145
92,150
92,151
92,154
92,158
92,159
92,160
92,161
92,162
92,163
92,164
92,165
92,166
92,168
92,172
92,173
92,174
92,175
92,176
92,177
92,178
92,179
92,180
92,182
92,184
92,185
92,188
92,190
92,195
92,196
92,197
92,199
92,200
93,95
93,98
93,99
93,100
93,102
93,115
93,119
93,122
93,124
93,129
93,132
93,135
93,138
93,139
93,141
93,142
93,143
93,146
93,148
93,149
93,150
93,151
93,153
93,154
93,156
93,157
93,158
93,160
93,162
93,164
93,168
93,170
93,172
93,175
93,176
93,177
93,179
93,181
93,182
93,186
93,187
93,189
93,195
93,197
93,198
93,199
94,97
94,98
94,99
94,101
94,102
94,103
94,104
94,105
94,106
94,107
94,109
94,110
94,115
94,118
94,120
94,121
94,122
94,125
94,126
94,128
94,129
94,134
94,137
94,138
94,142
94,143
94,147
94,148
94,149
94,150
94,151
94,154
94,155
94,156
94,157
94,159
94,160
94,162
94,164
94,165
94,171
94,172
94,173
94,176
94,177
94,180
94,181
94,183
94,185
94,188
94,190
94,194
94,196
94,197
94,198
94,199
94,200
95,97
95,98
95,99
95,101
95,103
95,107
95,109
95,110
95,111
95,112
95,115
95,117
95,119
95,120
95,121
95,127
95,128
95,129
95,130
95,135
95,136
95,137
95,140
95,142
95,144
95,149
95,150
95,152
95,156
95,157
95,161
95,165
95,166
95,167
95,172
95,174
95,181
95,187
95,189
95,190
95,191
95,197
95,199
95,200
96,98
96,99
96,102
96,103
96,104
96,105
96,106
96,107
96,108
96,110
96,111
96,112
96,113
96,115
96,116
96,118
96,126
96,128
96,130
96,131
96,132
96,134
96,135
96,137
96,139
96,140
96,141
96,142
96,144
96,145
96,148
96,150
96,151
96,155
96,159
96,166
96,170
96,173
96,174
96,175
96,176
96,177
96,178
96,179
96,183
96,185
96,186
96,188
96,190
96,191
96,195
96,196
96,197
97,99
97,101
97,102
97,106
97,107
97,113
97,115
97,116
97,117
97,118
97,124
97,128
97,129
97,130
97,131
97,132
97,133
97,134
97,136
97,140
97,142
97,144
97,145
97,146
97,147
97,151
97,154
97,155
97,157
97,158
97,161
97,162
97,163
97,164
97,166
97,176
97,179
97,180
97,181
97,184
97,185
97,186
97,194
97,200
98,99
98,100
98,102
98,104
98,105
98,106
98,107
98,108
98,111
98,114
98,118
98,120
98,122
98,124
98,125
98,126
98,129
98,130
98,131
98,132
98,134
98,138
98,139
98,141
98,142
98,143
98,146
98,147
98,148
98,150
98,152
98,153
98,155
98,157
98,159
98,161
98,165
98,166
98,172
98,173
98,175
98,176
98,177
98,178
98,180
98,182
98,185
98,186
98,188
98,191
98,192
98,195
99,100
99,101
99,102
99,105
99,107
99,108
99,118
99,120
99,121
99,122
99,123
99,124
99,126
99,127
99,133
99,135
99,137
99,140
99,141
99,143
99,145
99,146
99,148
99,150
99,153
99,154
99,155
99,156
99,158
99,159
99,161
99,163
99,164
99,165
99,166
99,168
99,173
99,174
99,175
99,176
99,177
99,178
99,182
99,186
99,187
99,188
99,193
99,194
99,195
99,199
99,200
100,101
100,102
100,106
100,108
100,110
100,112
100,113
100,118
100,119
100,120
100,121
100,123
100,124
100,127
100,129
100,131
100,133
100,134
100,136
100,138
100,141
100,142
100,146
100,147
100,150
100,152
100,153
100,156
100,157
100,159
100,160
100,163
100,165
100,166
100,167
100,168
100,169
100,170
100,171
100,173
100,174
100,177
100,178
100,182
100,184
100,185
100,186
100,187
100,188
100,191
100,192
100,193
100,195
100,197
100,198
100,199
100,200
101,104
101,105
101,106
101,107
101,108
101,113
101,115
101,116
101,117
101,119
101,120
101,121
101,123
101,124
101,126
101,127
101,128
101,129
101,131
101,136
101,137
101,138
101,139
101,148
101,149
101,150
101,152
101,153
101,154
101,155
101,156
101,157
101,158
101,159
101,161
101,164
101,166
101,170
101,171
101,172
101,173
101,176
101,177
101,178
101,179
101,180
101,182
101,183
101,185
101,186
101,190
101,192
101,194
101,197
101,199
101,200
102,103
102,104
102,105
102,107
102,108
102,109
102,110
102,116
102,117
102,120
102,121
102,123
102,125
102,126
102,128
102,131
102,134
102,138
102,139
102,140
102,141
102,142
102,147
102,148
102,149
102,150
102,151
102,153
102,155
102,157
102,167
102,169
102,170
102,171
102,174
102,175
102,178
102,179
102,184
102,186
102,190
102,193
102,195
102,198
103,109
103,110
103,111
103,112
103,113
103,114
103,116
103,117
103,120
103,121
103,124
103,125
103,126
103,128
103,131
103,132
103,133
103,135
103,136
103,139
103,140
103,143
103,146
103,149
103,154
103,155
103,159
103,160
103,161
103,162
103,164
103,165
103,168
103,171
103,174
103,176
103,177
103,178
103,181
103,182
103,183
103,185
103,189
103,192
103,193
103,197
103,198
103,200
104,106
104,109
104,110
104,113
104,114
104,115
104,117
104,119
104,120
104,124
104,126
104,134
104,135
104,137
104,141
104,143
104,145
104,146
104,148
104,152
104,153
104,155
104,156
104,157
104,158
104,160
104,161
104,162
104,165
104,166
104,169
104,172
104,173
104,176
104,177
104,179
104,181
104,183
104,184
104,188
104,190
104,191
104,193
104,194
104,196
104,197
104,198
105,109
105,111
105,113
105,115
105,116
105,120
105,121
105,124
105,125
105,126
105,128
105,129
105,130
105,131
105,134
105,138
105,140
105,141
105,144
105,145
105,146
105,152
105,154
105,155
105,158
105,161
105,165
105,166
105,169
105,170
105,171
105,173
105,176
105,182
105,183
105,185
105,188
105,191
105,192
105,193
105,195
105,197
105,200
106,107
106,112
106,116
106,119
106,120
106,126
106,127
106,132
106,133
106,135
106,137
106,138
106,139
106,140
106,143
106,146
106,147
106,148
106,149
106,151
106,152
106,154
106,160
106,163
106,164
106,165
106,167
106,168
106,171
106,172
106,173
106,174
106,177
106,180
106,183
106,190
106,192
106,193
106,196
106,198
106,199
106,200
107,109
107,110
107,112
107,115
107,116
107,120
107,124
107,125
107,126
107,127
107,129
107,130
107,134
107,135
107,136
107,138
107,141
107,142
107,143
107,145
107,146
107,147
107,148
107,149
107,150
107,152
107,154
107,156
107,161
107,162
107,163
107,165
107,168
107,169
107,171
107,174
107,175
107,176
107,179
107,180
107,183
107,185
107,187
107,188
107,191
107,196
107,198
107,199
107,200
108,112
108,118
108,122
108,123
108,125
108,127
108,131
108,132
108,137
108,138
108,141
108,146
108,147
108,149
108,150
108,153
108,154
108,155
108,156
108,158
108,163
108,164
108,165
108,170
108,173
108,174
108,176
108,177
108,179
108,180
108,181
108,183
108,185
108,187
108,188
108,189
108,190
108,191
108,192
108,193
108,194
108,195
108,196
108,197
108,198
108,200
109,110
109,111
109,119
109,123
109,124
109,125
109,126
109,127
109,131
109,132
109,135
109,136
109,137
109,140
109,143
109,146
109,149
109,150
109,151
109,152
109,153
109,157
109,160
109,166
109,168
109,169
109,170
109,171
109,172
109,174
109,175
109,176
109,177
109,182
109,186
109,187
109,188
109,191
109,192
109,193
109,194
109,195
109,198
109,199
109,200
110,111
110,112
110,115
110,122
110,125
110,130
110,133
110,137
110,138
110,141
110,142
110,144
110,147
110,148
110,149
110,151
110,152
110,154
110,155
110,157
110,158
110,159
110,162
110,167
110,168
110,169
110,172
110,174
110,176
110,178
110,179
110,181
110,182
110,184
110,187
110,189
110,190
110,197
110,199
111,117
111,120
111,125
111,128
111,130
111,131
111,133
111,134
111,136
111,137
111,139
111,140
111,141
111,142
111,143
111,144
111,145
111,146
111,148
111,150
111,151
111,152
111,153
111,156
111,158
111,159
111,161
111,163
111,164
111,165
111,166
111,167
111,169
111,170
111,173
111,175
111,176
111,181
111,182
111,183
111,184
111,185
111,186
111,188
111,189
111,192
111,197
111,198
111,199
111,200
112,113
112,115
112,116
112,122
112,123
112,124
112,126
112,128
112,131
112,132
112,133
112,135
112,145
112,146
112,148
112,149
112,150
112,152
112,153
112,156
112,157
112,158
112,159
112,160
112,162
112,164
112,165
112,169
112,171
112,174
112,176
112,178
112,179
112,180
112,181
112,182
112,187
112,188
112,189
112,191
112,193
112,194
112,195
112,197
112,198
112,199
112,200
113,114
113,117
113,118
113,119
113,124
113,125
113,127
113,128
113,129
113,131
113,132
113,134
113,137
113,138
113,139
113,141
113,144
113,145
113,146
113,148
113,149
113,150
113,151
113,153
113,154
113,155
113,165
113,167
113,171
113,174
113,175
113,176
113,181
113,185
113,186
113,187
113,188
113,192
113,193
113,195
113,197
113,200
114,119
114,120
114,121
114,122
114,123
114,124
114,125
114,126
114,129
114,130
114,134
114,135
114,138
114,140
114,141
114,143
114,144
114,146
114,148
114,149
114,150
114,151
114,155
114,156
114,157
114,170
114,171
114,175
114,178
114,179
114,183
114,184
114,185
114,186
114,188
114,190
114,192
114,194
114,196
114,197
114,198
114,199
115,116
115,119
115,121
115,124
115,127
115,128
115,134
115,137
115,140
115,141
115,142
115,143
115,144
115,147
115,151
115,152
115,153
115,156
115,157
115,158
115,161
115,162
115,164
115,165
115,170
115,172
115,176
115,177
115,180
115,182
115,183
115,185
115,186
115,194
115,195
115,196
115,197
115,199
115,200
116,118
116,120
116,125
116,126
116,127
116,129
116,133
116,134
116,135
116,137
116,139
116,142
116,144
116,146
116,147
116,149
116,151
116,152
116,155
116,157
116,159
116,160
116,161
116,163
116,164
116,165
116,166
116,168
116,175
116,176
116,178
116,179
116,180
116,182
116,184
116,185
116,186
116,188
116,190
116,191
116,192
116,193
116,194
116,195
116,196
116,197
117,118
117,120
117,123
117,124
117,126
117,128
117,130
117,131
117,132
117,138
117,140
117,142
117,144
117,150
117,152
117,154
117,156
117,157
117,158
117,159
117,164
117,165
117,166
117,167
117,168
117,170
117,171
117,172
117,173
117,174
117,175
117,177
117,179
117,180
117,184
117,185
117,186
117,188
117,189
117,192
117,194
117,199
117,200
118,120
118,126
118,127
118,129
118,130
118,131
118,132
118,133
118,136
118,138
118,140
118,143
118,144
118,146
118,150
118,151
118,152
118,153
118,155
118,157
118,161
118,165
118,169
118,171
118,173
118,174
118,176
118,178
118,181
118,184
118,185
118,188
118,189
118,191
118,193
118,195
118,197
118,200
119,121
119,122
119,123
119,125
119,128
119,129
119,130
119,132
119,133
119,134
119,136
119,140
119,144
119,149
119,152
119,155
119,157
119,158
119,159
119,166
119,167
119,169
119,170
119,172
119,173
119,174
119,175
119,178
119,181
119,182
119,183
119,185
119,186
119,188
119,190
119,192
119,193
119,194
119,195
119,196
119,199
120,127
120,128
120,129
120,132
120,133
120,134
120,135
120,139
120,142
120,143
120,144
120,149
120,150
120,152
120,153
120,156
120,158
120,160
120,161
120,163
120,164
120,165
120,166
120,167
120,174
120,175
120,177
120,179
120,183
120,184
120,186
120,191
120,192
120,194
120,199
121,127
121,131
121,133
121,136
121,137
121,138
121,140
121,141
121,144
121,147
121,150
121,151
121,152
121,153
121,154
121,155
121,157
121,160
121,161
121,162
121,164
121,165
121,166
121,167
121,168
121,170
121,171
121,172
121,174
121,175
121,176
121,177
121,178
121,181
121,182
121,184
121,185
121,186
121,188
121,189
121,192
121,196
121,197
121,198
122,124
122,127
122,128
122,131
122,139
122,140
122,143
122,144
122,146
122,147
122,148
122,151
122,154
122,159
122,160
122,161
122,162
122,163
122,165
122,166
122,167
122,168
122,169
122,170
122,171
122,172
122,174
122,177
122,180
122,182
122,184
122,185
122,187
122,191
122,192
122,194
122,195
122,197
123,124
123,125
123,129
123,130
123,131
123,132
123,134
123,135
123,136
123,140
123,143
123,145
123,146
123,147
123,149
123,151
123,152
123,154
123,158
123,166
123,168
123,169
123,172
123,174
123,176
123,177
123,178
123,181
123,183
123,184
123,185
123,186
123,188
123,192
123,193
123,195
123,196
123,198
123,199
124,126
124,127
124,129
124,134
124,135
124,136
124,138
124,139
124,141
124,142
124,143
124,144
124,146
124,147
124,149
124,150
124,151
124,154
124,155
124,158
124,159
124,161
124,162
124,164
124,165
124,167
124,169
124,171
124,175
124,176
124,177
124,178
124,179
124,182
124,185
124,186
124,189
124,190
124,192
124,194
124,197
124,198
124,199
125,129
125,131
125,137
125,138
125,141
125,142
125,144
125,145
125,147
125,151
125,154
125,155
125,158
125,161
125,163
125,168
125,173
125,174
125,177
125,178
125,181
125,182
125,183
125,184
125,186
125,187
125,189
125,190
125,192
125,197
125,198
125,199
126,129
126,130
126,132
126,134
126,136
126,137
126,139
126,141
126,142
126,144
126,149
126,150
126,151
126,152
126,153
126,158
126,160
126,161
126,162
126,165
126,166
126,167
126,168
126,171
126,177
126,180
126,181
126,182
126,184
126,186
126,189
126,193
126,194
126,196
126,197
126,200
127,128
127,130
127,131
127,132
127,134
127,135
127,138
127,139
127,141
127,142
127,146
127,147
127,148
127,150
127,152
127,154
127,160
127,161
127,162
127,165
127,169
127,171
127,172
127,176
127,177
127,178
127,180
127,181
127,184
127,186
127,190
127,192
127,193
127,196
127,197
127,199
128,129
128,132
128,134
128,135
128,139
128,140
128,142
128,145
128,146
128,147
128,151
128,152
128,153
128,154
128,155
128,156
128,157
128,158
128,160
128,165
128,166
128,167
128,169
128,172
128,173
128,176
128,177
128,182
128,185
128,188
128,189
128,192
128,195
128,198
129,130
129,131
129,132
129,133
129,135
129,136
129,139
129,141
129,143
129,144
129,145
129,146
129,147
129,148
129,149
129,150
129,151
129,153
129,154
129,155
129,157
129,167
129,169
129,174
129,176
129,177
129,178
129,179
129,180
129,182
129,183
129,185
129,187
129,188
129,190
129,191
129,193
129,195
129,196
129,198
129,199
130,131
130,132
130,134
130,135
130,136
130,137
130,139
130,141
130,142
130,143
130,144
130,149
130,153
130,156
130,158
130,159
130,160
130,165
130,166
130,168
130,172
130,173
130,175
130,177
130,180
130,181
130,183
130,184
130,190
130,191
130,192
130,194
130,195
130,196
130,197
130,198
131,132
131,135
131,137
131,138
131,140
131,141
131,142
131,143
131,147
131,150
131,151
131,152
131,153
131,155
131,158
131,159
131,162
131,163
131,166
131,167
131,169
131,173
131,174
131,175
131,179
131,181
131,183
131,186
131,188
131,192
131,194
131,195
131,196
132,133
132,135
132,139
132,142
132,143
132,144
132,147
132,148
132,149
132,151
132,154
132,157
132,162
132,163
132,164
132,168
132,169
132,171
132,172
132,173
132,175
132,176
132,177
132,181
132,182
132,183
132,186
132,187
132,189
132,191
132,192
132,199
132,200
133,134
133,136
133,139
133,143
133,144
133,146
133,147
133,148
133,152
133,154
133,160
133,161
133,170
133,171
133,173
133,174
133,175
133,176
133,178
133,180
133,182
133,190
133,191
133,192
133,193
133,197
133,200
134,136
134,139
134,140
134,141
134,142
134,143
134,144
134,146
134,148
134,152
134,153
134,155
134,156
134,157
134,161
134,162
134,163
134,165
134,167
134,169
134,170
134,171
134,172
134,176
134,179
134,181
134,183
134,184
134,185
134,186
134,188
134,189
134,190
134,191
134,192
134,194
134,195
134,198
134,200
135,137
135,139
135,140
135,144
135,147
135,148
135,149
135,151
135,152
135,153
135,154
135,156
135,157
135,158
135,160
135,162
135,164
135,166
135,169
135,171
135,173
135,174
135,177
135,180
135,188
135,189
135,192
135,193
135,200
136,137
136,140
136,142
136,143
136,145
136,146
136,148
136,150
136,151
136,156
136,157
136,158
136,159
136,161
136,162
136,163
136,166
136,169
136,170
136,171
136,173
136,174
136,175
136,176
136,177
136,178
136,179
136,181
136,185
136,190
136,194
136,195
136,196
136,197
136,198
136,199
136,200
137,138
137,140
137,142
137,144
137,145
137,148
137,149
137,151
137,153
137,155
137,156
137,160
137,161
137,163
137,165
137,168
137,171
137,172
137,174
137,176
137,178
137,179
137,180
137,181
137,182
137,183
137,186
137,187
137,189
137,190
137,191
137,192
137,193
137,196
137,200
138,139
138,140
138,141
138,143
138,144
138,145
138,146
138,151
138,152
138,161
138,168
138,169
138,170
138,171
138,172
138,176
138,177
138,179
138,181
138,182
138,184
138,186
138,190
138,194
138,195
138,196
138,197
138,198
138,199
139,140
139,141
139,144
139,145
139,147
139,152
139,154
139,157
139,158
139,165
139,166
139,167
139,169
139,170
139,172
139,173
139,178
139,183
139,184
139,186
139,187
139,188
139,190
139,191
139,193
139,194
139,195
139,196
139,198
139,199
139,200
140,141
140,142
140,148
140,152
140,153
140,155
140,156
140,159
140,160
140,161
140,164
140,165
140,170
140,171
140,173
140,174
140,180
140,181
140,182
140,183
140,190
140,191
140,193
140,195
140,196
140,199
140,200
141,143
141,149
141,150
141,151
141,152
141,153
141,154
141,156
141,162
141,168
141,171
141,173
141,175
141,177
141,179
141,181
141,185
141,186
141,190
141,191
141,193
141,196
141,198
142,147
142,148
142,149
142,154
142,155
142,156
142,157
142,158
142,159
142,161
142,162
142,163
142,165
142,168
142,170
142,172
142,173
142,177
142,178
142,179
142,180
142,183
142,184
142,185
142,186
142,187
142,188
142,189
142,192
142,198
143,144
143,145
143,146
143,147
143,150
143,151
143,154
143,156
143,157
143,161
143,164
143,165
143,166
143,169
143,172
143,173
143,177
143,178
143,179
143,181
143,183
143,184
143,187
143,190
143,194
143,195
143,199
143,200
144,148
144,153
144,154
144,155
144,159
144,160
144,163
144,164
144,165
144,166
144,168
144,169
144,170
144,171
144,172
144,174
144,175
144,176
144,178
144,179
144,182
144,186
144,188
144,192
144,194
144,197
144,198
144,199
144,200
145,146
145,147
145,148
145,153
145,159
145,160
145,162
145,163
145,164
145,166
145,167
145,172
145,173
145,176
145,181
145,185
145,186
145,187
145,189
145,190
145,191
145,192
145,193
145,194
145,195
145,196
145,197
146,150
146,151
146,154
146,160
146,164
146,166
146,171
146,172
146,177
146,178
146,179
146,182
146,186
146,187
146,190
146,191
146,192
146,193
146,197
146,199
147,148
147,150
147,151
147,152
147,153
147,155
147,158
147,159
147,162
147,164
147,165
147,170
147,173
147,175
147,177
147,178
147,179
147,181
147,182
147,187
147,188
147,189
147,191
147,193
147,194
147,195
148,150
148,151
148,157
148,158
148,160
148,165
148,167
148,169
148,170
148,173
148,174
148,175
148,177
148,178
148,179
148,180
148,187
148,188
148,190
148,192
148,193
148,195
148,196
148,197
149,150
149,151
149,153
149,155
149,157
149,158
149,159
149,160
149,161
149,163
149,165
149,170
149,173
149,178
149,182
149,183
149,184
149,185
149,186
149,187
149,191
149,195
149,196
149,199
149,200
150,152
150,153
150,156
150,161
150,164
150,165
150,167
150,168
150,171
150,173
150,175
150,177
150,178
150,181
150,182
150,184
150,185
150,186
150,187
150,190
150,191
150,192
150,193
150,195
150,198
150,200
151,152
151,153
151,154
151,155
151,157
151,159
151,160
151,161
151,163
151,167
151,168
151,169
151,170
151,175
151,178
151,181
151,182
151,183
151,184
151,188
151,190
151,193
151,194
151,195
151,198
151,200
152,154
152,161
152,162
152,163
152,165
152,169
152,170
152,174
152,175
152,177
152,181
152,185
152,190
152,192
152,193
152,194
152,195
152,196
152,197
152,198
152,199
153,157
153,159
153,161
153,164
153,165
153,166
153,170
153,174
153,175
153,176
153,177
153,178
153,179
153,180
153,184
153,185
153,189
153,190
153,192
153,193
153,195
153,197
153,198
154,156
154,157
154,158
154,160
154,162
154,163
154,164
154,168
154,171
154,172
154,175
154,182
154,183
154,184
154,187
154,188
154,190
154,191
154,198
154,200
155,158
155,160
155,161
155,163
155,164
155,165
155,167
155,168
155,169
155,170
155,171
155,173
155,174
155,179
155,180
155,181
155,185
155,186
155,187
155,189
155,190
155,191
155,192
155,193
155,195
155,196
155,198
156,157
156,158
156,159
156,160
156,161
156,163
156,164
156,165
156,166
156,167
156,169
156,172
156,173
156,174
156,179
156,181
156,183
156,184
156,186
156,190
156,191
156,192
156,195
156,196
156,197
156,198
156,199
156,200
157,158
157,160
157,161
157,163
157,165
157,167
157,169
157,170
157,171
157,174
157,175
157,176
157,177
157,181
157,182
157,184
157,185
157,186
157,188
157,189
157,190
157,192
157,195
157,198
158,160
158,162
158,163
158,165
158,168
158,172
158,174
158,176
158,178
158,180
158,181
158,183
158,187
158,190
158,194
158,200
159,160
159,162
159,163
159,164
159,166
159,167
159,168
159,169
159,171
159,172
159,173
159,174
159,175
159,176
159,177
159,181
159,183
159,188
159,189
159,190
159,191
159,192
159,194
159,195
159,196
159,197
159,198
159,199
159,200
160,162
160,164
160,166
160,167
160,168
160,171
160,180
160,181
160,182
160,186
160,187
160,188
160,190
160,191
160,192
160,193
160,195
160,197
161,162
161,163
161,167
161,171
161,172
161,174
161,177
161,178
161,181
161,185
161,188
161,192
161,193
161,194
161,195
161,196
161,197
161,199
162,164
162,167
162,170
162,172
162,174
162,177
162,179
162,180
162,182
162,185
162,186
162,192
162,193
162,194
162,195
162,197
162,198
162,199
162,200
163,164
163,165
163,166
163,168
163,170
163,171
163,172
163,174
163,175
163,176
163,178
163,179
163,184
163,186
163,187
163,193
163,195
163,197
163,199
163,200
164,171
164,173
164,174
164,175
164,182
164,183
164,184
164,185
164,187
164,191
164,192
164,193
164,194
164,195
164,196
164,197
164,198
164,199
164,200
165,166
165,167
165,169
165,170
165,171
165,172
165,173
165,174
165,175
165,176
165,178
165,179
165,180
165,181
165,184
165,186
165,190
165,191
165,192
165,193
165,194
165,196
165,197
166,170
166,172
166,179
166,180
166,182
166,185
166,186
166,187
166,188
166,189
166,190
166,193
166,195
166,197
166,198
167,168
167,171
167,173
167,174
167,175
167,177
167,180
167,181
167,183
167,186
167,187
167,188
167,189
167,190
167,192
168,169
168,171
168,172
168,173
168,176
168,177
168,179
168,181
168,182
168,186
168,187
168,192
168,197
168,198
168,200
169,170
169,174
169,177
169,178
169,186
169,188
169,192
169,195
169,199
169,200
170,173
170,176
170,177
170,178
170,179
170,180
170,181
170,184
170,186
170,187
170,191
170,192
170,193
170,196
170,197
170,199
170,200
171,172
171,176
171,177
171,181
171,182
171,183
171,187
171,188
171,192
171,193
171,194
171,195
171,197
171,198
171,199
171,200
172,173
172,176
172,178
172,179
172,181
172,182
172,183
172,184
172,186
172,188
172,189
172,191
172,192
172,194
172,197
172,199
173,175
173,177
173,180
173,181
173,183
173,185
173,188
173,189
173,200
174,175
174,176
174,177
174,180
174,181
174,182
174,183
174,185
174,187
174,188
174,190
174,191
174,192
174,194
174,197
174,199
175,176
175,182
175,183
175,185
175,188
175,191
175,192
175,195
175,196
175,197
175,200
176,178
176,183
176,185
176,187
176,188
176,189
176,190
176,191
176,194
176,199
176,200
177,180
177,182
177,183
177,186
177,191
177,193
177,194
177,195
177,196
177,200
178,179
178,180
178,184
178,187
178,188
178,189
178,190
178,191
178,192
178,194
178,195
178,196
178,197
178,199
178,200
179,181
179,182
179,183
179,188
179,190
179,192
179,193
179,195
179,198
179,199
180,185
180,187
180,188
180,189
180,190
180,191
180,192
180,193
180,197
180,199
181,182
181,183
181,187
181,190
181,192
181,195
181,196
181,197
182,183
182,184
182,189
182,190
182,191
182,192
182,194
182,195
182,196
182,197
182,198
183,184
183,185
183,187
183,189
183,190
183,191
183,192
183,195
183,197
183,198
184,186
184,187
184,188
184,189
184,190
184,196
184,198
185,187
185,188
185,189
185,191
185,192
185,193
185,195
185,196
185,199
186,187
186,188
186,190
186,191
186,192
186,193
186,194
186,195
186,196
186,199
187,188
187,189
187,191
187,192
187,197
187,198
187,199
188,189
188,191
188,192
188,195
188,196
188,197
188,198
189,194
189,195
189,196
189,197
189,198
189,199
189,200
190,191
190,192
190,194
190,196
190,197
190,198
191,192
191,195
191,197
191,199
191,200
192,193
192,194
192,195
192,198
192,199
193,195
193,196
193,197
193,200
194,195
194,197
194,198
194,200
195,196
195,200
196,197
196,198
197,198
197,199
198,199
198,200
199,200
