450
405
900
1,288
2,212
3,84
4,299
5,28
6,60
7,32
8,52
9,141
10,305
11,208
12,219
13,26
14,346
15,13
16,229
17,404
18,160
19,67
20,325
21,36
22,277
23,230
24,352
25,248
26,44
27,100
28,70
29,90
30,137
31,390
32,400
33,380
34,259
35,183
36,71
37,283
38,105
39,110
40,303
41,285
42,200
43,204
44,151
45,379
46,361
47,225
48,338
49,19
50,324
51,7
52,306
53,293
54,307
55,209
56,95
57,359
58,126
59,336
60,159
61,10
62,237
63,77
64,257
65,2
66,154
67,243
68,386
69,220
70,149
71,213
72,176
73,356
74,349
75,72
76,108
77,344
78,73
79,35
80,33
81,268
82,56
83,64
84,45
85,262
86,339
87,155
88,255
89,321
90,76
91,43
92,123
93,164
94,59
95,157
96,267
97,312
98,329
99,83
100,214
101,99
102,82
103,107
104,85
105,280
106,143
107,394
108,291
109,42
110,1
111,354
112,167
113,269
114,57
115,190
116,93
117,61
118,129
119,202
120,345
121,207
122,303
123,350
124,172
125,55
126,212
127,140
128,48
129,352
130,27
131,120
132,251
133,101
134,128
135,348
136,63
137,279
138,138
139,166
140,88
141,191
142,397
143,388
144,115
145,23
146,58
147,317
148,106
149,209
150,337
151,75
152,80
153,227
154,365
155,300
156,392
157,295
158,25
159,122
160,304
161,370
162,228
163,65
164,132
165,398
166,265
167,399
168,373
169,334
170,318
171,18
172,330
173,249
174,206
175,119
176,302
177,341
178,389
179,217
180,328
181,292
182,123
183,98
184,92
185,186
186,139
187,69
188,366
189,376
190,114
191,239
192,34
193,332
194,188
195,294
196,50
197,259
198,402
199,254
200,17
201,213
202,29
203,158
204,243
205,253
206,12
207,308
208,383
209,272
210,173
211,301
212,261
213,153
214,51
215,91
216,364
217,163
218,368
219,20
220,40
221,199
222,201
223,14
224,266
225,242
226,109
227,16
228,62
229,131
230,232
231,79
232,163
233,94
234,396
235,310
236,148
237,66
238,230
239,24
240,203
241,152
242,226
243,144
244,278
245,161
246,89
247,218
248,234
249,363
250,49
251,265
252,270
253,274
254,289
255,385
256,357
257,369
258,387
259,146
260,198
261,121
262,179
263,196
264,178
265,38
266,342
267,30
268,371
269,198
270,117
271,297
272,320
273,169
274,290
275,351
276,134
277,348
278,84
279,68
280,46
281,175
282,177
283,375
284,279
285,127
286,282
287,214
288,54
289,97
290,258
291,401
292,252
293,395
294,125
295,210
296,145
297,195
298,355
299,236
300,14
301,135
302,78
303,62
304,222
305,42
306,197
307,260
308,104
309,382
310,377
311,246
312,22
313,209
314,223
315,103
316,358
317,341
318,189
319,171
320,116
321,61
322,86
323,165
324,241
325,233
326,331
327,378
328,298
329,315
330,6
331,9
332,221
333,8
334,329
335,323
336,264
337,181
338,273
339,320
340,16
341,251
342,360
343,41
344,327
345,3
346,245
347,250
348,124
349,381
350,328
351,180
352,311
353,113
354,194
355,131
356,147
357,339
358,182
359,393
360,238
361,130
362,124
363,391
364,228
365,276
366,87
367,168
368,21
369,133
370,235
371,47
372,193
373,371
374,39
375,281
376,81
377,211
378,309
379,347
380,313
381,111
382,15
383,284
384,372
385,343
386,275
387,286
388,102
389,374
390,240
391,174
392,326
393,243
394,96
395,403
396,367
397,31
398,205
399,162
400,4
401,139
402,53
403,307
404,405
405,322
406,142
407,351
408,140
409,216
410,247
411,244
412,333
413,287
414,187
415,316
416,256
417,362
418,384
419,4
420,74
421,319
422,192
423,362
424,340
425,37
426,314
427,231
428,215
429,185
430,296
431,5
432,112
433,118
434,271
435,170
436,373
437,263
438,150
439,357
440,184
441,335
442,224
443,353
444,11
445,346
446,353
447,181
448,221
449,156
450,136
1,113
1,122
1,232
1,263
1,291
1,401
1,445
2,8
2,92
2,206
2,209
2,211
3,158
3,266
3,298
3,321
3,445
4,76
4,181
4,205
4,357
4,408
5,33
5,49
5,100
5,230
5,408
6,106
6,191
6,388
6,411
6,426
7,99
7,171
7,174
7,398
8,22
8,166
8,273
9,254
9,262
9,391
10,281
10,297
10,372
10,390
10,393
11,115
11,138
11,262
11,399
12,98
12,290
12,293
12,310
13,87
13,210
13,312
13,315
13,347
14,150
14,187
14,447
15,40
15,185
15,387
15,427
16,88
16,181
16,310
16,413
17,37
17,118
17,150
18,90
18,113
18,174
18,386
18,450
19,230
19,305
19,413
19,414
20,179
20,308
21,114
21,284
21,392
22,137
22,248
22,288
22,327
22,365
22,434
23,48
23,247
24,51
24,59
24,184
24,420
25,66
25,250
25,331
25,421
26,89
26,396
26,424
27,67
27,119
27,192
27,249
27,322
27,353
27,359
27,404
27,441
28,160
28,185
29,35
29,187
29,209
29,259
29,436
30,46
30,58
30,391
30,439
31,95
31,158
31,252
31,270
31,341
31,375
32,118
32,126
32,347
33,70
33,98
33,175
33,211
33,218
33,415
33,420
34,141
34,342
35,153
35,255
35,285
35,443
36,193
36,231
37,86
37,131
37,156
37,162
37,188
38,47
38,210
38,252
38,394
39,89
39,178
39,246
39,345
39,407
40,318
41,50
41,57
41,73
41,245
41,260
41,394
41,447
42,89
42,107
43,47
43,379
43,423
44,235
44,380
44,384
45,261
45,443
46,119
46,175
46,186
46,242
46,262
46,428
47,238
47,251
47,317
48,133
48,197
48,234
48,315
48,317
48,373
48,380
48,395
48,430
49,74
49,256
49,266
49,286
49,450
50,111
50,136
50,138
50,197
50,282
50,437
51,98
51,168
51,201
51,273
51,359
52,132
52,181
52,318
53,225
53,297
53,422
54,118
54,203
54,379
55,118
55,162
55,373
56,283
56,328
56,439
57,65
58,134
58,354
59,181
59,375
59,442
60,150
60,261
61,156
61,247
61,414
62,128
62,225
62,277
62,374
63,113
63,310
64,204
64,225
64,244
64,255
64,328
64,412
66,265
66,288
66,394
67,266
67,293
68,108
68,282
68,414
69,287
69,294
69,367
70,85
70,244
70,280
70,319
70,347
70,384
70,438
71,288
71,309
72,249
72,351
75,146
75,314
75,425
75,440
76,178
76,269
76,304
76,308
77,194
77,310
77,315
77,361
78,132
78,157
78,170
78,202
78,247
78,387
78,424
78,433
79,358
79,374
79,417
80,106
80,170
80,204
80,217
80,413
81,136
81,289
81,330
82,180
82,278
82,384
83,163
83,175
83,277
83,346
83,431
83,442
84,229
84,291
84,328
85,207
85,380
85,401
85,445
86,133
86,217
86,314
86,398
87,131
87,226
87,267
87,313
87,371
87,434
88,187
88,372
88,383
88,431
89,163
89,238
89,377
90,338
90,374
91,151
92,232
92,375
93,128
93,141
93,200
93,250
93,302
94,105
94,119
95,130
95,226
95,293
95,328
96,137
96,187
97,118
97,185
98,213
98,268
98,429
99,108
99,307
100,278
100,427
101,282
101,395
101,402
102,398
102,408
103,162
103,175
103,279
103,310
103,314
103,333
103,371
103,383
103,447
104,127
104,273
104,399
105,140
105,222
105,291
105,320
108,167
108,205
108,270
108,329
109,113
109,189
109,206
110,204
110,261
110,286
110,315
111,213
111,258
111,267
111,301
112,116
112,182
112,184
112,259
112,423
114,177
114,404
115,162
115,226
115,324
117,449
118,232
118,292
119,211
119,354
120,182
121,157
121,196
121,207
121,247
121,331
122,326
122,374
122,429
123,144
123,300
124,253
124,334
124,378
124,422
124,440
124,447
125,369
126,194
126,268
126,342
126,373
127,140
127,145
127,240
127,326
127,332
129,201
129,284
129,365
129,396
130,319
131,153
131,321
132,180
132,181
132,402
132,444
133,245
134,145
134,278
134,328
135,233
135,334
135,372
135,420
136,184
136,228
136,243
136,305
136,372
136,427
137,201
137,245
137,312
137,346
137,403
138,177
138,310
138,375
139,175
139,189
140,148
140,447
141,172
141,297
142,155
142,364
142,392
142,415
142,428
143,169
143,303
143,447
144,306
144,373
144,411
144,415
144,423
145,173
145,235
146,190
146,423
147,160
147,266
148,160
148,200
148,439
149,213
150,231
150,339
150,348
151,208
151,251
151,296
151,355
152,190
152,199
152,219
152,241
153,366
153,376
154,312
154,373
154,387
154,430
155,174
155,227
155,256
155,397
155,403
155,413
156,248
156,316
156,356
156,395
157,328
158,287
158,379
158,400
159,175
160,383
161,267
162,182
162,277
162,348
162,410
162,414
164,196
164,228
165,417
166,194
166,278
166,440
167,201
167,277
168,252
168,294
169,231
169,287
169,383
170,326
170,440
171,198
171,323
171,407
172,204
172,291
172,333
173,301
173,424
174,380
175,305
175,311
175,369
176,184
176,195
176,314
177,408
178,289
178,371
178,382
178,403
179,240
179,278
179,314
179,319
179,450
180,350
180,399
181,190
181,193
181,326
181,410
182,202
182,428
183,207
183,285
183,309
183,341
183,415
184,431
185,402
185,404
185,425
186,269
186,297
187,241
187,297
188,295
189,195
189,446
190,204
190,269
190,328
190,339
191,271
191,431
192,242
192,328
192,332
193,295
194,217
194,432
195,405
196,231
196,445
197,218
197,293
197,348
197,367
198,348
198,370
198,373
198,384
199,358
200,261
201,246
201,323
202,245
202,262
202,297
202,363
202,375
204,448
206,239
206,300
206,447
207,348
208,348
208,363
208,409
209,217
209,284
209,291
209,360
210,229
210,436
211,432
212,332
212,333
212,390
213,317
213,336
213,342
213,379
214,391
214,407
214,427
215,245
215,280
216,245
216,260
216,285
217,379
217,393
217,405
218,446
219,448
220,241
220,288
220,313
220,349
221,235
221,277
221,286
221,298
221,318
221,331
221,384
221,406
221,432
222,225
222,257
222,290
222,299
222,438
223,254
223,440
224,299
224,328
224,358
224,416
225,254
225,279
225,335
226,375
227,342
229,294
229,357
229,378
229,424
230,296
230,300
230,381
231,399
232,388
232,414
232,442
233,304
233,400
234,284
234,389
235,237
235,301
235,325
236,310
236,331
236,334
236,342
236,432
237,292
238,272
240,245
240,287
240,431
241,284
241,421
243,331
243,349
243,350
244,342
244,410
246,440
246,447
247,442
248,280
249,446
250,391
251,335
253,286
253,401
253,419
254,335
255,280
255,334
256,390
257,385
259,355
260,401
262,291
262,295
264,285
264,448
265,357
265,376
265,428
266,283
267,291
268,304
269,273
270,392
272,281
272,291
272,410
272,412
272,436
272,448
273,334
273,340
274,424
275,413
276,438
277,287
277,350
278,380
279,319
279,339
279,430
280,343
280,348
280,388
281,290
281,403
281,422
281,435
282,319
282,438
283,440
286,349
286,402
287,397
287,410
287,449
288,331
288,347
288,365
291,335
292,449
293,366
294,374
296,388
296,420
297,419
298,384
298,393
299,432
300,337
300,444
301,304
301,408
301,433
303,424
305,356
306,382
306,394
306,447
307,313
307,328
309,338
309,379
310,442
311,371
312,348
312,385
313,345
313,413
313,415
314,410
314,435
317,397
320,357
322,368
323,340
326,360
327,380
327,405
328,378
329,409
330,450
332,365
336,337
337,402
337,420
338,381
339,400
341,437
343,421
344,357
346,410
347,372
347,399
347,424
350,362
350,391
350,397
351,388
352,390
352,412
356,371
357,389
359,412
359,431
360,376
360,412
363,426
364,449
365,393
366,394
368,369
371,424
374,385
377,410
389,417
390,425
391,438
394,406
394,413
394,446
395,421
395,449
403,449
406,426
407,432
411,440
418,446
426,443
428,434
435,442
435,447
436,442
