600
540
660
1,138
2,439
3,520
4,421
5,324
6,368
7,449
8,149
9,349
10,7
11,95
12,414
13,101
14,261
15,59
16,146
17,151
18,489
19,87
20,451
21,328
22,89
23,78
24,270
25,229
26,342
27,428
28,487
29,169
30,218
31,53
32,122
33,413
34,344
35,48
36,285
37,1
38,504
39,538
40,21
41,238
42,392
43,108
44,334
45,518
46,9
47,528
48,10
49,25
50,445
51,335
52,29
53,292
54,310
55,474
56,240
57,351
58,4
59,529
60,490
61,268
62,415
63,311
64,5
65,493
66,201
67,468
68,62
69,352
70,284
71,405
72,510
73,145
74,259
75,166
76,46
77,377
78,65
79,424
80,358
81,165
82,191
83,200
84,268
85,248
86,314
87,40
88,533
89,372
90,202
91,359
92,131
93,381
94,226
95,264
96,512
97,66
98,498
99,167
100,294
101,139
102,251
103,392
104,222
105,216
106,245
107,65
108,129
109,530
110,73
111,12
112,272
113,183
114,63
115,213
116,77
117,125
118,337
119,161
120,274
121,480
122,363
123,465
124,132
125,187
126,163
127,290
128,436
129,410
130,401
131,74
132,68
133,15
134,344
135,397
136,192
137,121
138,53
139,44
140,462
141,106
142,160
143,389
144,361
145,162
146,113
147,464
148,180
149,536
150,249
151,438
152,523
153,482
154,188
155,333
156,271
157,78
158,383
159,221
160,100
161,266
162,207
163,326
164,519
165,136
166,209
167,446
168,120
169,320
170,219
171,157
172,79
173,16
174,32
175,370
176,244
177,237
178,212
179,102
180,158
181,316
182,178
183,153
184,502
185,233
186,455
187,374
188,287
189,369
190,442
191,205
192,156
193,430
194,295
195,27
196,517
197,110
198,288
199,387
200,356
201,141
202,330
203,476
204,257
205,483
206,20
207,190
208,319
209,195
210,497
211,409
212,2
213,313
214,104
215,312
216,454
217,200
218,208
219,279
220,118
221,117
222,54
223,471
224,246
225,539
226,171
227,28
228,50
229,64
230,480
231,527
232,93
233,338
234,90
235,49
236,289
237,71
238,486
239,42
240,427
241,158
242,478
243,404
244,18
245,496
246,41
247,174
248,43
249,98
250,492
251,433
252,538
253,395
254,243
255,308
256,408
257,473
258,469
259,296
260,173
261,75
262,114
263,57
264,416
265,507
266,364
267,224
268,432
269,3
270,115
271,186
272,535
273,510
274,52
275,283
276,83
277,39
278,357
279,157
280,385
281,232
282,109
283,98
284,460
285,525
286,159
287,393
288,86
289,230
290,126
291,269
292,206
293,301
294,297
295,457
296,444
297,170
298,255
299,463
300,124
301,235
302,33
303,270
304,376
305,459
306,254
307,137
308,501
309,407
310,362
311,128
312,20
313,181
314,154
315,286
316,329
317,97
318,499
319,524
320,115
321,488
322,450
323,116
324,198
325,306
326,167
327,418
328,231
329,168
330,535
331,403
332,194
333,317
334,327
335,437
336,508
337,321
338,76
339,325
340,505
341,193
342,134
343,378
344,531
345,6
346,199
347,217
348,315
349,256
350,280
351,278
352,64
353,148
354,256
355,196
356,66
357,429
358,99
359,365
360,258
361,210
362,189
363,470
364,440
365,338
366,263
367,172
368,147
369,257
370,111
371,175
372,521
373,133
374,156
375,47
376,234
377,425
378,339
379,500
380,89
381,30
382,176
383,56
384,35
385,300
386,452
387,506
388,307
389,91
390,103
391,185
392,17
393,72
394,269
395,443
396,367
397,107
398,354
399,225
400,366
401,281
402,398
403,475
404,253
405,250
406,215
407,161
408,273
409,70
410,262
411,299
412,434
413,302
414,130
415,432
416,331
417,417
418,448
419,534
420,23
421,423
422,423
423,291
424,353
425,219
426,177
427,373
428,55
429,241
430,384
431,485
432,81
433,343
434,304
435,164
436,537
437,19
438,203
439,484
440,360
441,467
442,105
443,8
444,371
445,461
446,82
447,322
448,388
449,431
450,394
451,336
452,239
453,458
454,37
455,509
456,282
457,325
458,323
459,303
460,515
461,341
462,347
463,419
464,516
465,380
466,236
467,11
468,412
469,94
470,262
471,386
472,229
473,228
474,80
475,511
476,50
477,34
478,540
479,57
480,267
481,532
482,22
483,152
484,155
485,441
486,422
487,375
488,477
489,142
490,226
491,144
492,276
493,275
494,495
495,38
496,227
497,150
498,522
499,220
500,119
501,100
502,390
503,217
504,223
505,61
506,260
507,182
508,13
509,318
510,265
511,140
512,143
513,491
514,309
515,31
516,479
517,92
518,382
519,197
520,442
521,277
522,51
523,128
524,481
525,26
526,345
527,204
528,526
529,135
530,242
531,211
532,69
533,96
534,305
535,524
536,171
537,262
538,411
539,456
540,179
541,332
542,514
543,348
544,513
545,519
546,85
547,14
548,57
549,260
550,139
551,293
552,379
553,396
554,326
555,45
556,159
557,88
558,346
559,449
560,298
561,214
562,82
563,127
564,472
565,190
566,340
567,67
568,466
569,453
570,406
571,112
572,84
573,93
574,391
575,420
576,24
577,503
578,494
579,123
580,58
581,247
582,375
583,184
584,71
585,350
586,402
587,294
588,447
589,504
590,399
591,36
592,272
593,435
594,252
595,60
596,32
597,274
598,400
599,426
600,355
1,155
1,204
1,209
1,265
2,417
3,566
4,244
5,339
6,149
6,245
6,361
6,590
7,79
7,149
7,361
7,505
7,522
7,558
7,591
8,222
8,293
8,405
8,470
8,471
9,365
10,132
10,416
11,326
11,382
11,496
12,36
12,566
13,103
14,509
15,139
16,119
17,74
17,173
18,103
18,185
19,371
19,472
19,480
20,593
21,85
21,352
22,41
23,202
24,25
25,402
25,505
26,65
26,108
27,393
27,414
27,476
27,584
28,343
29,388
29,419
30,241
31,439
32,282
32,555
33,169
33,180
33,532
33,547
34,78
34,81
34,168
34,261
34,476
35,580
37,94
37,201
37,385
37,545
38,40
38,357
39,190
39,586
40,154
41,129
42,195
42,351
42,449
42,596
43,171
43,302
43,537
44,66
45,128
46,158
47,168
48,137
48,238
48,410
49,513
50,192
50,550
51,427
52,97
52,311
52,374
52,580
53,392
54,71
54,126
54,232
54,301
54,434
54,455
55,241
55,590
56,333
56,538
57,358
57,549
58,78
58,378
59,185
59,212
59,513
60,68
60,289
60,396
61,79
61,224
61,542
62,253
63,105
63,123
63,365
64,156
64,187
64,336
64,458
64,484
66,305
66,429
67,165
67,209
69,255
70,415
71,600
72,192
72,362
72,573
73,106
73,512
74,222
74,579
75,576
76,161
76,236
77,220
77,333
77,503
78,88
78,239
78,323
78,540
79,116
79,278
79,437
80,89
82,379
82,570
83,273
84,167
84,368
84,506
86,181
86,517
87,90
88,219
88,576
89,165
89,212
89,426
90,325
91,272
92,438
93,182
93,285
93,494
93,519
95,216
95,250
95,316
96,158
97,115
97,176
97,295
98,265
98,516
99,415
100,147
100,183
100,509
101,159
101,194
102,484
102,584
103,242
104,300
105,145
105,404
105,537
106,108
106,146
106,158
106,301
106,453
106,469
107,409
107,462
108,407
108,559
109,275
109,398
110,286
110,339
110,584
110,595
111,457
112,446
113,142
113,218
113,495
114,139
114,301
114,577
117,220
117,593
118,352
119,277
119,567
120,428
121,454
121,521
122,314
122,501
122,584
123,369
123,599
124,226
124,308
125,227
125,399
125,552
127,294
127,303
127,346
127,511
127,590
128,511
129,430
129,560
130,287
130,399
131,258
131,544
132,383
132,596
133,242
133,458
133,594
134,418
135,210
135,276
135,412
135,539
136,379
136,544
136,553
137,364
138,334
139,233
139,380
140,541
141,269
142,200
142,350
143,259
143,335
144,206
144,488
144,588
145,263
145,313
146,382
146,422
146,441
146,509
147,213
148,339
149,179
149,420
150,542
151,268
152,286
153,408
153,500
154,485
157,521
157,541
158,159
158,238
158,254
158,332
158,334
158,435
158,468
158,532
158,546
158,556
159,284
160,459
161,309
161,406
161,475
162,353
163,267
164,290
165,449
165,486
166,403
167,291
167,340
167,580
168,556
170,574
171,343
171,364
171,490
172,216
172,252
172,390
173,522
174,345
175,296
175,348
175,502
175,574
177,270
178,420
179,527
180,320
181,359
181,463
181,584
181,588
182,228
182,237
182,497
184,315
184,493
185,250
185,534
186,435
186,572
187,232
187,249
188,362
189,247
189,331
191,599
192,321
193,575
195,370
196,250
197,321
197,341
198,547
199,276
199,312
199,328
202,576
203,566
205,395
205,468
207,325
207,354
207,456
208,438
208,453
208,516
210,322
211,216
211,257
211,564
212,246
214,235
214,301
214,385
214,459
214,565
215,282
215,508
216,467
217,221
217,342
218,256
218,538
218,598
220,356
221,238
222,252
222,367
223,302
224,315
225,266
225,473
227,432
227,592
228,297
228,332
228,495
228,537
229,420
230,326
231,306
232,250
232,478
232,553
234,511
235,326
236,425
237,446
237,559
238,388
238,392
239,248
240,584
241,247
242,283
242,460
242,571
243,523
244,376
244,544
247,250
249,329
249,355
250,272
250,375
250,426
250,487
251,300
252,289
252,306
252,391
253,272
253,368
255,492
255,511
259,576
260,564
260,585
262,496
263,527
264,570
266,275
266,279
266,373
267,272
268,514
269,424
270,600
271,331
273,527
274,298
274,398
274,406
274,433
275,457
276,478
277,374
279,290
280,429
281,459
282,353
282,360
287,488
288,301
291,464
292,380
295,328
295,391
295,586
299,400
299,439
299,525
300,536
300,588
301,362
301,406
301,426
301,476
301,495
301,504
301,570
303,324
303,507
304,334
305,315
305,528
305,593
306,449
307,533
308,490
310,405
310,518
313,558
314,491
316,577
317,455
318,352
318,576
319,353
323,427
323,562
325,476
325,562
326,498
327,416
329,335
329,413
330,498
331,510
332,450
336,457
337,361
338,510
343,447
344,511
345,373
345,444
346,386
346,531
347,505
348,590
349,422
350,451
351,412
352,355
352,448
353,432
353,472
357,409
359,582
361,366
361,452
361,563
362,416
362,530
362,571
363,582
367,376
367,409
367,495
367,541
367,586
372,493
377,442
380,479
381,505
383,465
384,491
385,403
385,582
386,547
387,445
387,582
388,443
389,414
390,414
394,417
397,476
397,567
398,557
398,589
399,532
401,457
406,457
406,533
408,424
408,486
409,472
409,510
410,549
411,523
413,478
415,423
415,554
415,588
417,537
417,597
418,563
421,534
424,566
424,583
425,510
427,520
428,488
430,500
431,456
435,566
436,481
436,578
437,569
437,576
439,466
439,489
440,593
442,486
449,477
451,455
457,525
457,580
457,596
461,475
463,575
465,497
468,491
472,481
474,545
476,580
476,590
476,593
478,514
482,572
483,587
495,513
496,501
497,580
499,541
500,509
511,565
512,550
515,589
515,591
518,548
522,581
523,571
524,525
524,549
525,587
526,540
528,535
529,567
533,564
537,561
538,543
543,581
551,576
568,585
586,595
600
540
660
1,221
2,403
3,338
4,96
5,450
6,331
7,488
8,148
9,502
10,215
11,213
12,301
13,314
14,276
15,236
16,356
17,162
18,223
19,396
20,505
21,158
22,421
23,435
24,510
25,426
26,343
27,258
28,359
29,319
30,245
31,209
32,452
33,93
34,397
35,265
36,393
37,115
38,264
39,210
40,190
41,113
42,433
43,295
44,365
45,202
46,352
47,466
48,460
49,80
50,156
51,322
52,483
53,530
54,71
55,239
56,200
57,47
58,135
59,516
60,130
61,457
62,120
63,298
64,280
65,465
66,330
67,364
68,21
69,303
70,479
71,484
72,538
73,87
74,348
75,328
76,277
77,378
78,142
79,463
80,346
81,201
82,166
83,167
84,444
85,522
86,376
87,353
88,208
89,486
90,300
91,414
92,327
93,345
94,55
95,150
96,533
97,152
98,99
99,438
100,429
101,420
102,231
103,451
104,282
105,494
106,207
107,97
108,503
109,240
110,288
111,468
112,447
113,472
114,75
115,172
116,536
117,146
118,278
119,13
120,84
121,8
122,413
123,261
124,386
125,337
126,521
127,52
128,86
129,212
130,42
131,482
132,432
133,273
134,32
135,91
136,407
137,218
138,246
139,173
140,383
141,112
142,81
143,26
144,402
145,399
146,252
147,467
148,122
149,501
150,100
151,214
152,72
153,500
154,101
155,309
156,180
157,422
158,499
159,436
160,411
161,62
162,361
163,106
164,318
165,237
166,224
167,19
168,250
169,95
170,225
171,256
172,286
173,227
174,405
175,424
176,373
177,25
178,132
179,94
180,247
181,346
182,2
183,39
184,339
185,144
186,306
187,355
188,283
189,28
190,456
191,46
192,392
193,358
194,78
195,413
196,471
197,349
198,76
199,287
200,17
201,194
202,73
203,251
204,44
205,16
206,320
207,14
208,490
209,417
210,480
211,350
212,363
213,419
214,22
215,64
216,169
217,537
218,307
219,139
220,27
221,517
222,58
223,284
224,406
225,527
226,90
227,75
228,248
229,337
230,12
231,226
232,228
233,367
234,165
235,127
236,375
237,184
238,268
239,294
240,37
241,492
242,498
243,435
244,248
245,316
246,257
247,33
248,53
249,412
250,448
251,414
252,63
253,104
254,497
255,117
256,491
257,151
258,371
259,455
260,462
261,103
262,105
263,119
264,216
265,89
266,161
267,260
268,123
269,30
270,147
271,391
272,54
273,427
274,50
275,374
276,274
277,514
278,3
279,297
280,35
281,102
282,439
283,315
284,137
285,206
286,535
287,311
288,351
289,523
290,140
291,37
292,360
293,56
294,185
295,416
296,384
297,65
298,317
299,528
300,483
301,263
302,244
303,10
304,233
305,11
306,88
307,134
308,461
309,381
310,513
311,389
312,125
313,167
314,410
315,238
316,31
317,43
318,83
319,354
320,74
321,305
322,263
323,110
324,453
325,235
326,506
327,92
328,390
329,242
330,531
331,220
332,267
333,34
334,360
335,183
336,107
337,193
338,196
339,428
340,281
341,504
342,515
343,67
344,241
345,425
346,69
347,506
348,459
349,507
350,302
351,377
352,459
353,266
354,187
355,540
356,495
357,508
358,111
359,387
360,40
361,141
362,323
363,382
364,229
365,474
366,254
367,108
368,7
369,182
370,370
371,285
372,126
373,195
374,475
375,176
376,303
377,362
378,322
379,380
380,186
381,394
382,49
383,493
384,310
385,113
386,48
387,496
388,250
389,114
390,329
391,511
392,399
393,347
394,70
395,318
396,289
397,211
398,293
399,296
400,18
401,177
402,160
403,243
404,485
405,118
406,158
407,368
408,308
409,526
410,319
411,121
412,529
413,60
414,371
415,101
416,277
417,518
418,434
419,204
420,404
421,129
422,258
423,262
424,5
425,222
426,175
427,155
428,369
429,525
430,238
431,98
432,198
433,347
434,163
435,271
436,269
437,230
438,138
439,532
440,290
441,191
442,292
443,197
444,388
445,223
446,51
447,109
448,201
449,192
450,79
451,321
452,143
453,128
454,291
455,385
456,279
457,30
458,469
459,412
460,189
461,253
462,418
463,445
464,36
465,524
466,371
467,20
468,477
469,299
470,38
471,153
472,43
473,155
474,61
475,219
476,442
477,396
478,33
479,64
480,68
481,178
482,234
483,203
484,24
485,336
486,437
487,521
488,344
489,398
490,304
491,326
492,85
493,499
494,342
495,454
496,441
497,400
498,443
499,363
500,217
501,136
502,362
503,325
504,168
505,227
506,189
507,23
508,332
509,520
510,145
511,82
512,174
513,395
514,59
515,367
516,509
517,154
518,15
519,41
520,409
521,157
522,255
523,431
524,519
525,476
526,349
527,240
528,458
529,470
530,336
531,77
532,335
533,275
534,440
535,205
536,45
537,539
538,512
539,116
540,334
541,66
542,124
543,383
544,333
545,171
546,446
547,449
548,181
549,29
550,440
551,1
552,149
553,80
554,487
555,481
556,379
557,464
558,313
559,6
560,374
561,4
562,249
563,84
564,340
565,57
566,321
567,164
568,159
569,478
570,199
571,372
572,18
573,272
574,534
575,108
576,39
577,259
578,324
579,473
580,415
581,133
582,366
583,179
584,423
585,373
586,188
587,341
588,371
589,489
590,312
591,135
592,131
593,9
594,401
595,232
596,170
597,408
598,430
599,357
600,270
1,176
1,241
1,257
1,275
1,413
1,465
1,519
2,79
2,236
3,201
4,155
4,575
5,37
5,148
5,165
6,236
6,558
7,468
8,369
9,137
9,141
10,80
10,286
10,331
10,431
10,584
11,299
12,169
12,409
13,47
13,63
14,278
14,469
15,321
15,406
16,457
17,152
18,345
19,55
19,58
19,99
20,123
21,299
22,62
23,378
23,385
24,171
25,35
26,423
27,220
27,407
28,496
29,44
30,47
30,103
30,242
30,428
31,42
31,187
31,236
32,71
32,457
33,96
33,208
34,182
35,255
35,338
35,461
35,527
36,108
36,325
36,489
36,504
38,324
39,225
39,231
39,250
39,264
39,397
39,429
39,537
40,441
40,495
41,328
43,248
44,52
44,101
44,222
44,312
44,385
44,453
44,468
44,529
45,195
45,211
45,340
45,557
45,580
46,506
46,563
47,148
48,196
48,593
49,174
50,125
50,496
51,79
52,282
53,355
54,294
55,472
56,232
56,351
56,366
57,58
58,146
58,193
58,476
59,316
59,358
60,103
60,299
61,301
62,370
62,474
63,215
63,377
63,383
63,385
63,415
63,584
64,486
65,93
65,131
65,533
66,184
66,190
67,313
67,561
68,167
68,451
69,117
69,572
70,404
71,147
71,477
72,92
72,348
72,476
73,445
74,100
75,395
75,530
76,565
77,83
77,202
77,223
77,374
78,153
80,89
81,384
81,547
82,358
83,494
84,116
84,203
85,389
85,593
86,443
87,517
88,594
89,500
90,522
91,388
92,472
93,97
93,114
93,213
93,221
93,376
94,299
94,545
95,188
95,443
96,377
96,518
97,217
97,452
98,255
98,592
99,234
100,148
100,309
100,392
101,416
102,288
103,138
103,206
103,310
103,401
104,222
104,542
105,305
105,383
105,517
106,369
106,378
106,443
106,541
107,447
107,510
109,490
110,492
111,322
112,399
112,529
113,312
115,133
115,588
116,310
117,367
118,444
119,170
119,178
119,315
120,167
120,384
120,556
120,564
121,183
121,528
121,530
122,441
123,280
123,579
124,556
125,415
126,456
127,554
128,350
129,575
130,178
131,262
131,413
132,185
132,186
134,547
135,288
136,173
136,174
138,552
139,194
140,331
141,352
141,418
141,530
142,360
143,298
144,288
145,387
146,390
147,570
148,310
148,426
148,570
149,533
150,178
151,233
151,291
152,462
153,571
154,273
154,373
154,491
154,502
155,263
156,207
156,220
156,480
157,437
157,543
158,208
159,179
160,242
161,332
161,426
162,505
163,220
164,426
164,504
166,360
166,367
166,549
166,554
166,567
167,230
168,194
168,229
168,530
168,581
169,574
170,346
170,379
170,386
170,447
171,351
172,209
172,566
173,438
173,557
175,299
175,304
175,464
176,350
177,466
178,284
178,295
179,506
180,209
180,325
181,285
182,312
182,525
182,533
185,294
185,414
185,434
185,559
187,256
188,508
189,262
190,233
190,269
191,273
191,400
191,499
192,473
193,297
193,448
193,581
194,337
195,199
195,462
195,485
195,497
196,232
196,266
196,511
197,218
198,304
199,347
199,435
200,392
201,320
201,531
202,321
202,492
202,583
203,385
203,430
203,445
203,589
204,350
204,457
205,420
208,553
210,459
210,588
212,340
212,416
214,265
214,507
215,540
216,387
218,385
218,499
219,564
220,288
220,442
220,453
221,390
222,324
222,473
224,258
224,379
224,585
225,343
226,388
227,338
227,381
228,529
229,284
229,521
230,253
232,330
232,403
232,437
232,563
233,446
233,483
233,584
235,465
236,283
236,304
236,345
237,474
238,342
238,405
238,540
239,305
240,404
240,574
241,414
243,254
243,289
243,312
243,408
244,378
245,391
245,415
246,269
246,375
247,373
247,590
248,298
248,327
249,293
251,444
252,419
253,463
253,481
253,564
254,395
254,423
254,466
256,325
257,595
259,451
260,305
261,277
261,389
261,410
261,551
262,515
262,533
263,393
264,276
264,501
265,305
265,318
267,283
268,306
268,472
270,535
271,546
272,458
273,455
274,365
276,413
278,492
279,355
280,390
281,355
282,547
285,417
287,408
288,301
290,306
291,488
292,494
293,328
293,356
293,378
293,418
293,594
295,393
295,395
296,307
296,379
297,452
297,458
298,322
298,358
298,453
298,562
298,575
299,448
300,336
301,412
301,488
302,459
303,483
304,305
305,309
308,492
310,326
310,388
310,478
310,509
310,572
311,578
312,482
312,511
312,554
314,497
317,367
317,555
317,597
318,417
319,520
320,368
320,427
320,569
323,496
323,547
328,353
328,470
329,547
330,516
332,345
333,370
334,354
335,458
336,530
336,584
339,420
341,583
344,450
344,478
345,390
346,381
346,427
346,556
347,363
349,420
350,498
351,554
353,382
354,394
355,380
355,529
357,451
359,452
361,453
362,586
364,507
364,544
364,554
365,433
367,503
367,593
371,527
371,560
372,511
372,515
373,454
373,513
374,394
374,513
374,540
374,582
375,390
377,448
377,504
377,564
377,598
379,508
381,396
381,424
381,564
381,571
381,587
383,577
385,472
385,574
387,482
390,527
391,498
392,471
395,402
398,512
399,457
410,529
411,480
411,489
413,448
413,516
413,535
413,539
413,596
414,441
417,506
417,576
419,520
420,584
421,451
422,486
423,522
424,493
424,538
425,445
425,566
426,573
427,457
429,457
429,591
432,470
433,506
436,448
439,561
440,548
442,514
443,490
444,456
444,489
448,548
449,462
451,504
453,599
455,512
456,562
457,558
459,484
460,505
463,533
467,574
469,499
469,520
471,528
472,568
474,557
475,564
479,499
479,550
481,551
482,527
483,532
486,539
486,582
487,492
493,546
494,532
499,506
499,547
505,572
509,534
511,561
516,551
521,590
523,591
524,564
526,595
527,578
536,588
539,580
547,565
569,586
580,588
583,599
584,600
