450
225
471
1,87
2,7
3,84
4,159
5,112
6,145
7,4
8,172
9,52
10,95
11,75
12,175
13,102
14,181
15,88
16,45
17,5
18,21
19,142
20,118
21,178
22,22
23,223
24,181
25,84
26,206
27,163
28,117
29,33
30,143
31,124
32,32
33,135
34,190
35,47
36,14
37,40
38,112
39,161
40,191
41,79
42,126
43,162
44,165
45,41
46,123
47,219
48,69
49,148
50,8
51,77
52,221
53,180
54,46
55,101
56,48
57,217
58,93
59,138
60,13
61,96
62,145
63,199
64,31
65,173
66,16
67,4
68,134
69,35
70,132
71,150
72,178
73,225
74,202
75,118
76,68
77,173
78,25
79,140
80,192
81,105
82,152
83,104
84,119
85,195
86,92
87,53
88,63
89,79
90,34
91,150
92,164
93,54
94,81
95,85
96,10
97,138
98,187
99,13
100,91
101,65
102,200
103,154
104,121
105,111
106,202
107,62
108,84
109,203
110,2
111,16
112,144
113,8
114,39
115,207
116,171
117,95
118,211
119,104
120,159
121,47
122,212
123,19
124,195
125,197
126,86
127,51
128,146
129,49
130,189
131,141
132,149
133,64
134,106
135,111
136,8
137,122
138,88
139,40
140,161
141,125
142,206
143,104
144,85
145,89
146,64
147,178
148,163
149,59
150,88
151,102
152,74
153,99
154,69
155,183
156,27
157,157
158,206
159,100
160,125
161,194
162,11
163,63
164,176
165,198
166,12
167,155
168,198
169,82
170,195
171,53
172,196
173,76
174,19
175,80
176,14
177,94
178,180
179,73
180,128
181,95
182,172
183,116
184,9
185,17
186,103
187,195
188,41
189,36
190,162
191,1
192,48
193,88
194,169
195,68
196,38
197,20
198,90
199,4
200,122
201,129
202,53
203,135
204,65
205,73
206,208
207,136
208,117
209,30
210,157
211,78
212,123
213,186
214,24
215,153
216,68
217,132
218,119
219,163
220,54
221,214
222,88
223,151
224,31
225,22
226,209
227,24
228,85
229,118
230,37
231,23
232,60
233,94
234,147
235,81
236,118
237,224
238,131
239,131
240,98
241,128
242,61
243,71
244,225
245,126
246,42
247,158
248,74
249,158
250,110
251,208
252,55
253,15
254,29
255,168
256,54
257,218
258,179
259,172
260,15
261,133
262,28
263,35
264,25
265,70
266,134
267,67
268,83
269,25
270,221
271,105
272,113
273,59
274,67
275,100
276,142
277,71
278,103
279,134
280,174
281,104
282,102
283,121
284,48
285,176
286,148
287,50
288,191
289,127
290,217
291,95
292,94
293,128
294,22
295,150
296,26
297,198
298,53
299,67
300,68
301,153
302,210
303,204
304,13
305,9
306,191
307,103
308,7
309,17
310,177
311,3
312,91
313,31
314,69
315,167
316,175
317,139
318,7
319,57
320,20
321,103
322,169
323,188
324,166
325,77
326,69
327,112
328,84
329,102
330,82
331,103
332,107
333,104
334,84
335,224
336,38
337,77
338,20
339,78
340,133
341,182
342,195
343,107
344,220
345,92
346,222
347,137
348,222
349,44
350,147
351,205
352,160
353,143
354,29
355,34
356,201
357,90
358,167
359,114
360,106
361,140
362,222
363,160
364,72
365,32
366,138
367,174
368,215
369,211
370,133
371,119
372,111
373,170
374,99
375,88
376,143
377,50
378,9
379,129
380,115
381,120
382,225
383,170
384,195
385,14
386,184
387,97
388,172
389,156
390,55
391,19
392,177
393,187
394,154
395,168
396,137
397,150
398,23
399,18
400,21
401,53
402,109
403,104
404,81
405,125
406,67
407,12
408,209
409,174
410,98
411,125
412,192
413,14
414,171
415,200
416,185
417,6
418,142
419,203
420,176
421,68
422,193
423,187
424,213
425,46
426,82
427,216
428,138
429,96
430,66
431,56
432,44
433,72
434,96
435,127
436,152
437,80
438,52
439,22
440,191
441,174
442,130
443,130
444,100
445,58
446,37
447,164
448,43
449,13
450,108
1,2
1,3
1,5
1,6
1,16
1,23
1,24
1,52
1,60
1,93
1,172
2,7
2,18
2,48
2,119
3,4
3,11
3,13
3,58
3,92
3,101
3,321
4,139
5,8
5,111
5,203
6,9
6,20
6,25
6,37
6,62
6,69
6,185
6,414
7,10
7,29
7,156
8,26
8,34
8,35
9,14
9,36
9,114
9,164
10,17
10,32
10,67
10,239
11,12
11,15
11,19
11,104
11,118
12,21
13,22
13,46
13,169
13,260
13,272
13,415
14,40
15,141
15,224
16,113
16,202
16,257
17,27
17,51
17,97
17,312
18,43
18,74
18,302
18,396
19,28
19,39
19,68
19,91
19,133
19,298
19,319
20,45
21,332
22,38
22,258
22,297
22,448
23,70
24,33
24,80
24,331
25,73
25,168
25,342
25,355
26,174
27,30
28,31
28,50
28,377
29,65
29,98
29,278
29,348
30,437
32,63
32,364
33,44
34,41
34,54
34,301
34,304
34,330
35,47
35,49
35,78
35,159
36,72
36,77
36,105
36,126
36,131
36,371
37,121
37,166
37,199
38,42
38,53
38,57
38,64
39,55
39,146
40,76
40,125
40,243
41,228
41,420
41,447
43,262
44,147
46,154
46,204
46,236
47,81
47,117
47,155
48,99
49,152
49,210
49,410
50,391
51,56
51,127
52,197
52,201
52,283
53,84
53,296
54,85
54,107
54,184
54,226
54,314
54,429
55,108
55,284
55,411
56,79
56,128
56,229
56,393
57,446
58,59
58,61
58,181
58,264
58,307
58,308
59,412
60,176
60,241
61,83
61,116
61,144
61,214
62,112
64,66
64,132
64,409
65,82
65,88
66,71
66,87
66,178
67,124
67,148
68,75
68,115
69,89
69,259
70,134
70,136
70,416
71,138
71,274
72,158
72,164
72,165
72,386
73,86
73,95
73,194
73,211
75,109
75,358
77,105
77,212
77,419
78,135
78,273
78,367
79,90
79,402
82,221
82,320
83,120
83,122
83,253
83,395
84,157
84,220
84,286
85,250
87,255
87,369
88,129
88,163
89,102
89,142
89,150
90,137
90,281
90,326
91,103
91,196
92,94
92,100
94,96
95,151
95,295
96,277
97,365
99,394
99,405
100,153
100,192
100,207
101,353
101,392
102,177
102,245
102,338
103,106
103,217
103,378
104,276
104,398
105,170
105,334
106,110
108,231
108,288
109,267
109,351
110,123
110,322
111,130
112,352
113,143
113,356
113,413
113,422
115,161
115,265
116,149
116,287
116,426
117,341
119,396
121,145
122,195
122,408
122,434
123,205
125,190
125,306
126,162
126,189
126,318
127,219
127,222
128,140
128,167
128,215
128,238
129,171
129,280
129,383
131,193
131,200
131,390
132,187
133,183
134,240
135,234
136,450
138,294
139,208
139,242
141,206
143,173
144,263
146,218
146,285
149,444
151,175
151,198
151,445
152,182
152,443
154,213
154,340
154,430
156,305
157,160
157,423
159,397
159,418
160,179
160,296
161,385
162,336
165,244
167,247
168,357
169,188
170,309
171,388
173,180
174,186
175,303
177,245
177,293
179,209
182,191
182,317
184,223
184,324
186,251
187,335
188,384
191,349
192,248
192,249
192,327
193,232
193,268
194,216
194,292
194,401
195,252
195,363
200,232
200,311
201,325
201,329
202,254
204,366
204,424
206,332
207,387
208,275
209,316
211,256
211,303
212,442
214,300
214,436
215,225
215,237
215,315
216,372
217,227
218,233
219,230
219,313
219,449
220,441
221,269
222,407
224,290
226,333
229,235
230,282
235,354
235,449
236,376
237,289
240,270
240,271
241,246
242,408
248,348
249,261
250,447
252,438
255,339
255,369
256,279
256,368
259,266
259,435
263,389
265,411
266,291
266,417
270,362
270,367
274,299
274,346
276,323
278,310
279,337
292,338
297,403
298,350
299,374
302,328
307,433
309,359
309,360
309,373
311,361
315,382
320,383
322,377
322,381
324,429
325,347
325,379
325,399
329,421
330,343
332,345
333,404
337,344
340,346
340,428
341,400
348,440
353,406
356,370
361,375
362,380
364,365
373,431
375,432
376,439
400,418
406,427
410,425
