600
60
659
1,3
2,33
3,17
4,2
5,52
6,60
7,11
8,2
9,47
10,21
11,28
12,12
13,47
14,54
15,44
16,3
17,10
18,19
19,59
20,4
21,21
22,11
23,60
24,3
25,4
26,60
27,48
28,13
29,48
30,52
31,15
32,41
33,9
34,17
35,4
36,20
37,38
38,51
39,18
40,40
41,2
42,54
43,4
44,13
45,36
46,23
47,13
48,31
49,30
50,29
51,27
52,21
53,34
54,41
55,8
56,49
57,34
58,26
59,47
60,48
61,41
62,8
63,49
64,10
65,29
66,46
67,16
68,19
69,22
70,42
71,27
72,14
73,39
74,39
75,10
76,30
77,57
78,20
79,18
80,1
81,59
82,23
83,33
84,38
85,5
86,47
87,40
88,8
89,48
90,5
91,42
92,21
93,51
94,36
95,54
96,53
97,6
98,8
99,23
100,58
101,27
102,50
103,49
104,13
105,49
106,42
107,24
108,11
109,7
110,25
111,5
112,41
113,42
114,39
115,1
116,56
117,55
118,30
119,51
120,15
121,5
122,48
123,25
124,9
125,29
126,9
127,8
128,58
129,54
130,39
131,43
132,28
133,38
134,30
135,1
136,59
137,33
138,14
139,48
140,18
141,36
142,48
143,45
144,20
145,27
146,46
147,60
148,47
149,10
150,34
151,33
152,48
153,27
154,7
155,43
156,25
157,28
158,22
159,3
160,43
161,25
162,60
163,15
164,60
165,40
166,1
167,57
168,51
169,31
170,43
171,13
172,11
173,49
174,14
175,31
176,56
177,23
178,29
179,1
180,2
181,5
182,18
183,19
184,17
185,22
186,7
187,60
188,24
189,26
190,58
191,29
192,23
193,35
194,45
195,4
196,47
197,33
198,45
199,50
200,30
201,57
202,1
203,38
204,31
205,44
206,9
207,12
208,28
209,51
210,14
211,34
212,51
213,10
214,1
215,59
216,15
217,57
218,48
219,42
220,35
221,58
222,7
223,25
224,6
225,27
226,37
227,26
228,1
229,28
230,29
231,3
232,54
233,23
234,14
235,6
236,49
237,5
238,44
239,55
240,14
241,50
242,32
243,58
244,55
245,44
246,9
247,28
248,10
249,3
250,19
251,11
252,47
253,32
254,55
255,38
256,33
257,45
258,51
259,49
260,31
261,39
262,48
263,51
264,14
265,41
266,8
267,47
268,19
269,12
270,60
271,12
272,8
273,36
274,5
275,40
276,36
277,53
278,57
279,52
280,1
281,22
282,3
283,40
284,58
285,52
286,30
287,54
288,18
289,27
290,31
291,17
292,23
293,5
294,22
295,3
296,41
297,55
298,14
299,9
300,16
301,38
302,31
303,30
304,35
305,60
306,2
307,45
308,5
309,44
310,34
311,54
312,24
313,3
314,5
315,29
316,52
317,5
318,56
319,16
320,38
321,44
322,2
323,6
324,9
325,45
326,21
327,5
328,20
329,9
330,47
331,6
332,32
333,39
334,43
335,46
336,23
337,31
338,41
339,29
340,8
341,48
342,58
343,35
344,43
345,28
346,41
347,13
348,20
349,59
350,11
351,32
352,9
353,14
354,55
355,19
356,20
357,28
358,5
359,58
360,26
361,21
362,10
363,28
364,8
365,38
366,1
367,15
368,5
369,45
370,23
371,46
372,6
373,10
374,44
375,50
376,59
377,38
378,52
379,42
380,6
381,42
382,18
383,42
384,38
385,10
386,47
387,48
388,54
389,52
390,42
391,44
392,16
393,42
394,30
395,59
396,31
397,57
398,11
399,57
400,15
401,17
402,22
403,17
404,13
405,38
406,8
407,53
408,14
409,53
410,15
411,58
412,4
413,29
414,55
415,34
416,38
417,37
418,26
419,21
420,55
421,22
422,7
423,10
424,1
425,2
426,34
427,21
428,17
429,39
430,2
431,36
432,9
433,14
434,20
435,6
436,22
437,30
438,33
439,21
440,36
441,17
442,37
443,13
444,46
445,12
446,39
447,7
448,46
449,38
450,33
451,1
452,48
453,27
454,48
455,30
456,25
457,32
458,35
459,7
460,35
461,22
462,21
463,30
464,37
465,46
466,23
467,7
468,10
469,25
470,25
471,45
472,57
473,30
474,13
475,20
476,26
477,11
478,1
479,13
480,38
481,13
482,30
483,36
484,51
485,30
486,31
487,59
488,55
489,6
490,29
491,30
492,12
493,55
494,35
495,14
496,31
497,4
498,23
499,23
500,55
501,48
502,50
503,39
504,11
505,19
506,33
507,44
508,4
509,50
510,22
511,36
512,37
513,38
514,43
515,23
516,30
517,38
518,12
519,41
520,55
521,39
522,47
523,3
524,27
525,22
526,37
527,41
528,34
529,53
530,2
531,27
532,23
533,40
534,14
535,9
536,10
537,58
538,36
539,36
540,34
541,44
542,12
543,40
544,20
545,49
546,29
547,42
548,37
549,48
550,51
551,46
552,40
553,5
554,27
555,49
556,52
557,27
558,45
559,14
560,9
561,10
562,60
563,3
564,50
565,56
566,40
567,11
568,48
569,49
570,2
571,41
572,51
573,58
574,20
575,47
576,18
577,33
578,8
579,27
580,55
581,27
582,47
583,58
584,26
585,41
586,27
587,27
588,34
589,5
590,26
591,27
592,52
593,47
594,14
595,32
596,42
597,14
598,26
599,56
600,1
1,2
1,11
2,3
2,4
2,9
2,13
2,15
2,81
2,113
2,168
2,487
2,584
3,5
3,32
3,65
3,75
3,87
3,190
3,392
4,6
4,7
4,8
4,16
4,29
4,100
4,115
4,275
5,17
5,332
5,472
6,12
6,76
6,151
6,185
6,220
6,240
7,10
7,79
8,14
8,425
8,436
9,57
9,59
9,83
9,84
10,18
10,19
10,28
10,89
10,257
11,23
11,88
11,157
11,222
12,20
12,44
12,80
12,109
12,150
12,158
12,203
12,205
13,107
13,320
14,248
15,161
16,27
16,30
16,38
16,95
16,119
16,244
16,255
17,61
17,86
18,24
18,25
18,48
18,184
18,356
19,370
19,593
20,21
20,372
20,575
21,22
21,41
21,77
21,155
22,112
22,198
22,406
23,36
23,101
23,219
23,394
23,427
24,26
24,58
24,284
25,49
25,116
26,282
26,295
27,39
27,55
27,138
27,345
27,346
28,31
28,35
28,46
28,212
29,34
29,52
29,60
29,64
29,147
30,33
30,324
31,43
31,74
31,337
32,42
32,302
33,134
33,137
33,194
33,449
33,511
34,51
34,125
35,37
35,333
35,452
36,40
36,66
36,94
36,196
36,381
37,97
37,350
38,47
38,67
38,164
38,296
38,403
39,187
39,254
39,424
40,53
40,54
40,70
40,207
41,45
41,172
41,507
42,68
42,91
42,106
42,215
42,365
43,72
44,56
44,379
45,82
45,139
45,143
45,223
45,406
46,264
46,271
47,102
48,50
48,99
48,281
49,78
49,124
49,229
50,105
50,149
50,224
50,281
51,62
51,131
51,243
51,283
51,428
51,460
51,502
52,231
52,380
52,597
53,291
54,73
54,480
55,108
55,199
55,254
55,316
56,226
57,90
57,123
57,156
57,191
57,326
57,405
58,482
59,144
59,237
60,69
60,166
60,213
60,363
60,592
61,318
61,323
61,527
62,63
62,104
62,306
62,319
63,103
63,176
64,85
64,210
64,376
64,402
65,339
66,558
67,117
67,122
67,259
67,383
67,412
68,71
68,145
69,130
69,216
69,245
69,311
69,598
71,159
71,499
72,133
73,291
73,354
74,218
75,92
75,234
75,253
77,221
77,573
78,114
78,288
79,183
79,415
79,534
80,111
80,165
82,569
83,84
83,126
83,209
84,93
84,195
84,519
85,535
88,285
88,301
88,351
89,98
89,152
89,153
89,267
89,561
90,123
91,96
91,162
91,419
92,358
93,201
93,312
93,317
94,135
95,120
95,128
95,347
96,140
96,171
96,251
96,398
97,170
97,290
97,393
98,192
98,509
98,553
100,366
100,514
101,110
101,408
102,330
102,474
102,488
104,384
105,308
105,338
105,540
106,169
106,179
106,546
107,261
108,118
108,266
109,186
109,236
109,526
110,121
110,299
110,430
111,233
111,250
112,197
113,142
113,148
113,273
113,411
115,294
117,132
118,274
118,450
119,228
120,127
120,193
120,327
120,335
120,349
121,189
121,377
122,174
122,286
122,315
124,129
125,344
127,136
127,485
129,386
129,580
130,141
130,574
133,146
134,413
135,389
136,252
136,303
137,177
137,194
137,200
137,310
139,202
140,167
141,363
142,154
142,160
142,163
142,457
143,214
143,342
143,348
144,448
146,270
146,467
147,175
147,307
147,322
147,469
147,548
148,239
148,570
149,246
149,338
152,180
153,280
153,359
153,466
154,247
155,292
155,328
156,241
156,517
156,525
157,211
157,494
158,181
160,388
162,357
163,457
164,182
164,225
165,565
167,276
168,555
169,256
169,297
169,451
170,173
172,504
172,538
173,178
173,300
173,438
174,590
177,310
177,549
178,235
179,242
179,262
180,258
181,396
182,188
184,206
184,313
184,368
185,265
185,364
185,417
186,236
187,424
187,533
188,287
191,238
193,439
195,360
195,458
196,387
199,208
199,266
200,543
201,204
201,230
201,523
202,217
204,523
204,585
205,418
206,295
207,293
207,343
207,371
209,385
209,401
210,353
210,376
213,380
214,232
215,374
216,227
216,277
220,269
221,341
222,301
223,278
223,329
223,407
226,565
227,594
228,263
229,443
230,360
230,461
235,453
237,249
237,265
238,567
239,289
241,305
243,426
243,566
245,391
246,355
247,445
247,506
248,309
248,484
249,492
250,260
250,541
253,420
253,422
253,473
253,559
255,397
256,279
256,399
256,459
258,267
259,315
262,365
262,521
263,330
264,272
264,362
264,437
265,268
266,314
268,524
270,583
271,409
271,579
272,470
273,441
278,407
280,447
281,479
283,331
283,595
284,382
284,464
285,497
286,367
287,336
287,599
288,334
288,518
289,373
289,378
289,489
289,564
290,454
292,526
293,361
293,476
294,414
296,298
297,529
298,325
299,547
300,304
300,375
300,471
300,528
303,352
304,453
304,577
306,505
307,344
313,321
313,423
316,530
318,400
318,465
319,505
320,576
322,340
322,421
322,508
322,545
324,511
325,571
326,395
326,510
326,525
327,491
330,442
331,462
332,522
334,335
334,572
336,498
337,583
338,369
338,531
339,516
342,404
343,444
344,588
347,434
348,569
350,362
350,500
350,578
351,463
351,581
352,431
352,557
354,493
355,435
357,377
358,390
359,447
367,446
367,477
369,416
370,478
371,490
371,558
373,410
373,570
374,429
375,471
376,515
381,394
382,482
383,481
383,486
384,595
388,506
390,440
390,495
392,432
397,483
399,513
401,551
404,433
412,498
415,496
421,539
424,468
425,456
428,562
431,491
432,455
432,495
443,580
446,477
463,581
468,556
469,475
471,512
475,501
475,563
476,536
478,561
480,532
481,486
485,503
486,568
489,564
490,520
496,582
501,537
501,554
504,507
508,539
511,587
514,586
517,552
525,544
531,542
531,550
536,589
539,600
540,596
542,550
545,548
551,560
554,563
561,591
600
60
659
1,59
2,45
3,2
4,27
5,9
6,45
7,4
8,54
9,50
10,23
11,16
12,6
13,43
14,5
15,24
16,51
17,10
18,34
19,45
20,13
21,47
22,55
23,19
24,53
25,42
26,33
27,41
28,13
29,12
30,38
31,46
32,36
33,48
34,21
35,59
36,11
37,34
38,41
39,20
40,52
41,20
42,12
43,39
44,59
45,4
46,3
47,46
48,9
49,20
50,21
51,36
52,13
53,51
54,13
55,43
56,3
57,48
58,36
59,14
60,15
61,22
62,44
63,60
64,13
65,15
66,20
67,50
68,30
69,3
70,45
71,55
72,6
73,2
74,59
75,33
76,43
77,44
78,34
79,32
80,1
81,1
82,25
83,33
84,27
85,42
86,51
87,34
88,47
89,43
90,12
91,40
92,44
93,40
94,16
95,26
96,5
97,43
98,11
99,4
100,52
101,14
102,37
103,21
104,18
105,18
106,56
107,33
108,58
109,6
110,40
111,60
112,34
113,47
114,58
115,32
116,11
117,4
118,56
119,33
120,35
121,31
122,6
123,43
124,4
125,59
126,29
127,25
128,54
129,14
130,12
131,13
132,51
133,21
134,8
135,30
136,40
137,50
138,14
139,57
140,3
141,50
142,55
143,42
144,51
145,30
146,18
147,34
148,48
149,7
150,13
151,11
152,47
153,14
154,59
155,4
156,60
157,18
158,42
159,19
160,60
161,32
162,56
163,47
164,38
165,12
166,7
167,13
168,2
169,51
170,44
171,6
172,50
173,58
174,46
175,17
176,19
177,35
178,26
179,37
180,37
181,57
182,31
183,40
184,41
185,7
186,2
187,20
188,9
189,37
190,10
191,1
192,51
193,52
194,35
195,21
196,39
197,12
198,42
199,39
200,53
201,3
202,39
203,41
204,60
205,43
206,8
207,13
208,21
209,31
210,55
211,32
212,9
213,17
214,18
215,14
216,16
217,46
218,21
219,39
220,39
221,17
222,56
223,4
224,28
225,59
226,38
227,49
228,54
229,19
230,37
231,32
232,7
233,60
234,55
235,23
236,51
237,18
238,3
239,1
240,54
241,2
242,29
243,60
244,60
245,45
246,21
247,3
248,7
249,21
250,10
251,9
252,1
253,36
254,24
255,7
256,3
257,1
258,30
259,30
260,48
261,39
262,3
263,3
264,13
265,19
266,17
267,26
268,27
269,37
270,27
271,42
272,13
273,6
274,3
275,6
276,54
277,40
278,50
279,19
280,15
281,8
282,40
283,37
284,49
285,56
286,47
287,39
288,34
289,43
290,58
291,36
292,60
293,36
294,46
295,26
296,21
297,16
298,9
299,49
300,56
301,37
302,13
303,2
304,10
305,37
306,46
307,34
308,18
309,60
310,24
311,32
312,37
313,43
314,36
315,6
316,57
317,26
318,38
319,54
320,5
321,32
322,15
323,53
324,60
325,7
326,42
327,40
328,58
329,27
330,31
331,38
332,2
333,11
334,31
335,18
336,53
337,40
338,35
339,1
340,38
341,7
342,26
343,4
344,46
345,47
346,38
347,51
348,59
349,53
350,23
351,55
352,27
353,49
354,56
355,22
356,20
357,57
358,51
359,51
360,16
361,25
362,32
363,23
364,10
365,37
366,34
367,58
368,3
369,51
370,52
371,40
372,28
373,47
374,45
375,22
376,18
377,29
378,1
379,19
380,44
381,22
382,29
383,51
384,28
385,53
386,25
387,9
388,39
389,1
390,31
391,23
392,14
393,30
394,42
395,23
396,29
397,39
398,6
399,8
400,19
401,33
402,60
403,50
404,27
405,22
406,41
407,6
408,30
409,2
410,42
411,51
412,43
413,58
414,49
415,10
416,41
417,56
418,31
419,50
420,22
421,15
422,27
423,16
424,5
425,37
426,29
427,4
428,21
429,15
430,29
431,18
432,9
433,60
434,8
435,52
436,42
437,21
438,37
439,53
440,57
441,28
442,44
443,9
444,52
445,38
446,42
447,60
448,35
449,54
450,42
451,40
452,42
453,10
454,55
455,4
456,50
457,19
458,4
459,42
460,20
461,51
462,40
463,55
464,16
465,31
466,4
467,37
468,54
469,57
470,35
471,24
472,9
473,15
474,50
475,50
476,28
477,28
478,8
479,34
480,38
481,48
482,4
483,21
484,17
485,1
486,11
487,54
488,39
489,52
490,56
491,53
492,50
493,24
494,40
495,46
496,60
497,46
498,54
499,15
500,1
501,4
502,8
503,28
504,11
505,58
506,6
507,39
508,25
509,11
510,25
511,13
512,58
513,4
514,24
515,51
516,32
517,7
518,5
519,25
520,13
521,48
522,23
523,1
524,22
525,49
526,25
527,38
528,8
529,29
530,28
531,16
532,32
533,38
534,1
535,33
536,47
537,3
538,45
539,11
540,14
541,15
542,21
543,56
544,34
545,36
546,35
547,45
548,27
549,32
550,57
551,49
552,60
553,8
554,50
555,28
556,48
557,30
558,22
559,51
560,28
561,31
562,27
563,43
564,12
565,46
566,47
567,8
568,18
569,55
570,32
571,54
572,48
573,8
574,44
575,10
576,30
577,36
578,33
579,47
580,43
581,54
582,21
583,52
584,53
585,19
586,15
587,15
588,31
589,10
590,20
591,14
592,58
593,19
594,25
595,55
596,9
597,48
598,13
599,7
600,2
1,2
1,3
1,9
1,35
1,58
1,436
2,5
2,60
2,260
2,263
2,306
2,485
3,4
3,6
3,110
3,414
3,592
4,7
4,8
4,15
4,39
4,191
4,255
4,361
5,12
5,88
5,125
5,157
5,213
5,354
5,545
6,28
6,75
6,96
6,115
6,219
6,382
7,10
7,11
7,20
7,23
7,48
7,57
7,61
7,276
7,511
7,575
8,14
8,26
8,56
8,198
8,209
8,226
9,21
9,46
9,52
9,301
9,313
9,582
10,18
10,29
10,32
10,91
10,192
10,222
11,13
11,69
11,167
11,289
12,17
12,22
12,25
12,42
12,54
12,166
12,367
13,40
13,41
13,51
13,99
13,402
14,19
14,282
15,16
15,298
15,580
16,81
16,109
16,156
17,87
17,266
17,458
18,259
18,312
18,453
19,24
20,33
20,36
20,43
20,73
20,190
21,27
21,129
21,143
21,470
22,34
22,72
22,84
22,118
23,114
25,82
25,102
25,139
25,160
26,108
26,111
27,381
27,396
28,30
28,112
28,159
28,517
29,59
29,230
29,347
30,31
30,37
30,45
31,38
31,86
31,238
31,262
32,182
32,528
33,62
33,264
33,530
34,234
35,58
35,68
35,201
35,331
35,468
35,531
36,50
36,64
36,281
36,364
37,67
37,483
38,55
38,70
38,95
38,100
38,342
39,44
39,205
39,351
40,71
40,178
41,53
41,233
42,92
42,119
42,131
42,140
42,291
43,47
44,77
44,433
45,49
45,89
45,325
45,400
46,117
47,217
47,339
47,455
48,74
48,319
50,150
50,184
50,210
50,441
51,135
51,330
52,148
52,181
52,537
52,560
53,63
53,66
54,65
54,116
54,128
54,452
55,136
55,172
55,229
56,94
56,345
57,90
57,144
57,286
57,419
58,79
59,292
59,412
59,567
60,93
60,107
61,80
62,101
62,142
62,314
62,384
63,167
63,327
63,337
63,473
64,78
64,232
64,290
64,399
65,199
65,579
66,358
67,189
67,202
67,252
67,405
68,130
68,267
69,85
70,151
71,98
72,234
72,308
73,76
73,83
74,126
74,185
74,253
74,532
75,97
75,407
77,106
77,171
77,355
78,138
78,261
78,299
78,422
79,476
80,196
80,224
80,423
80,454
81,168
81,180
81,324
82,152
82,162
82,406
83,247
83,296
83,311
84,174
84,248
85,103
85,357
86,372
86,410
87,127
88,574
88,599
89,323
89,495
90,204
92,212
92,447
92,519
93,527
93,597
94,104
94,105
94,155
94,426
98,258
98,387
99,153
99,245
99,491
100,170
100,241
100,304
100,320
100,541
101,149
103,120
103,146
103,544
103,581
104,427
105,484
106,123
106,163
106,235
106,318
106,391
107,386
107,418
108,137
109,122
109,188
109,363
109,494
109,516
110,187
110,214
110,414
111,186
111,326
112,113
113,132
114,124
114,133
115,382
116,145
117,141
117,147
117,193
118,134
119,121
119,227
119,378
120,273
121,456
123,244
123,280
123,391
123,578
124,348
124,383
124,404
124,445
125,208
125,284
126,161
128,176
129,158
130,267
130,287
130,316
130,529
131,177
132,169
132,206
133,317
134,175
134,344
135,435
137,154
137,203
137,591
138,200
138,340
138,551
138,588
139,425
140,183
140,336
141,197
142,246
142,369
142,509
143,582
144,427
145,216
146,273
146,513
147,193
148,274
148,315
148,481
149,268
149,275
149,385
149,581
150,210
150,538
151,249
152,220
154,271
154,356
154,394
155,179
155,215
157,328
158,173
159,250
160,164
160,211
160,231
161,532
162,165
162,523
162,526
163,501
164,165
164,329
166,335
166,341
168,194
168,438
168,555
169,477
169,482
171,355
172,195
172,265
172,515
175,376
176,297
176,370
176,393
177,353
178,223
178,236
178,465
178,521
179,440
179,542
180,417
182,365
183,558
184,554
185,466
187,272
187,462
188,221
188,401
188,492
189,405
190,422
191,561
192,309
192,514
192,520
193,577
194,388
198,271
199,218
199,332
199,395
200,340
200,444
200,496
201,207
201,225
202,237
202,285
204,487
205,242
205,351
206,517
207,288
207,375
207,550
208,294
209,506
210,239
212,456
213,512
213,574
214,272
214,360
215,518
216,374
217,409
221,240
221,243
222,228
222,346
224,423
225,547
226,256
226,305
229,576
230,347
230,350
230,472
231,461
231,469
232,467
234,310
235,501
236,251
236,302
236,387
236,413
236,460
240,343
240,448
240,492
241,303
244,280
245,322
245,392
245,435
247,295
247,349
247,403
247,463
248,270
249,254
249,525
250,480
251,413
251,534
252,257
252,321
253,278
254,571
257,283
257,323
257,500
259,453
260,334
261,588
263,379
263,428
264,279
265,274
267,300
267,508
268,269
269,277
269,464
270,548
281,398
283,293
283,586
284,307
284,397
285,497
286,424
289,432
291,362
293,421
293,503
295,570
297,429
297,596
298,352
298,510
299,583
300,373
301,380
302,504
303,564
304,439
306,569
309,412
310,333
310,474
312,595
316,549
317,404
324,555
325,559
330,475
331,338
333,474
334,485
336,389
336,490
338,468
341,416
342,443
342,573
343,448
345,408
347,493
348,431
349,359
350,442
352,371
352,377
358,479
359,420
361,434
361,593
362,374
363,433
365,366
366,368
366,594
366,598
369,507
371,580
372,459
375,547
376,415
380,390
381,540
383,584
385,449
388,600
390,502
396,589
398,441
399,430
400,559
401,565
402,446
403,471
406,562
408,411
414,450
415,569
419,424
420,471
421,500
422,437
425,543
427,486
427,535
433,457
435,478
438,556
438,600
440,451
443,568
444,533
445,489
446,553
451,498
455,488
459,587
461,505
465,521
467,585
478,572
480,557
481,590
484,522
491,499
498,539
504,546
507,509
517,524
521,566
525,564
526,536
534,552
538,563
568,573
594,595
