400
40
439
1,13
2,29
3,35
4,22
5,26
6,7
7,36
8,18
9,33
10,27
11,24
12,17
13,18
14,9
15,1
16,33
17,11
18,22
19,23
20,11
21,31
22,13
23,30
24,24
25,11
26,9
27,20
28,4
29,32
30,28
31,5
32,2
33,38
34,19
35,1
36,22
37,14
38,19
39,18
40,22
41,40
42,14
43,20
44,37
45,20
46,21
47,15
48,7
49,14
50,23
51,31
52,13
53,36
54,15
55,12
56,15
57,35
58,4
59,12
60,5
61,5
62,36
63,21
64,36
65,27
66,25
67,30
68,36
69,26
70,34
71,13
72,23
73,29
74,33
75,8
76,28
77,4
78,21
79,36
80,2
81,21
82,30
83,5
84,21
85,39
86,21
87,27
88,17
89,16
90,25
91,30
92,27
93,28
94,3
95,6
96,31
97,27
98,33
99,33
100,13
101,35
102,24
103,23
104,20
105,17
106,11
107,35
108,30
109,20
110,32
111,30
112,2
113,8
114,4
115,38
116,7
117,24
118,32
119,35
120,13
121,34
122,31
123,33
124,20
125,37
126,12
127,9
128,21
129,40
130,36
131,2
132,17
133,30
134,39
135,19
136,36
137,13
138,10
139,5
140,29
141,10
142,31
143,34
144,16
145,17
146,36
147,5
148,28
149,20
150,1
151,38
152,14
153,29
154,15
155,34
156,31
157,14
158,16
159,7
160,29
161,21
162,13
163,35
164,27
165,9
166,36
167,12
168,37
169,40
170,33
171,39
172,23
173,32
174,26
175,26
176,7
177,1
178,13
179,25
180,17
181,1
182,3
183,38
184,18
185,1
186,24
187,13
188,23
189,27
190,10
191,30
192,34
193,28
194,14
195,23
196,37
197,19
198,29
199,11
200,3
201,4
202,37
203,29
204,8
205,15
206,17
207,28
208,19
209,8
210,23
211,12
212,16
213,3
214,4
215,38
216,38
217,1
218,23
219,20
220,6
221,13
222,12
223,26
224,1
225,7
226,37
227,11
228,13
229,23
230,25
231,33
232,11
233,29
234,13
235,10
236,34
237,40
238,30
239,5
240,15
241,13
242,27
243,17
244,14
245,7
246,38
247,40
248,12
249,38
250,24
251,36
252,30
253,4
254,25
255,34
256,21
257,3
258,40
259,25
260,5
261,26
262,7
263,24
264,35
265,32
266,32
267,39
268,3
269,39
270,33
271,7
272,3
273,26
274,31
275,29
276,6
277,4
278,3
279,14
280,31
281,4
282,35
283,25
284,3
285,30
286,1
287,2
288,36
289,28
290,15
291,38
292,16
293,18
294,9
295,25
296,38
297,27
298,6
299,32
300,24
301,31
302,26
303,3
304,34
305,25
306,35
307,20
308,24
309,33
310,24
311,36
312,31
313,38
314,35
315,13
316,31
317,36
318,39
319,15
320,12
321,5
322,7
323,28
324,31
325,34
326,2
327,2
328,32
329,8
330,26
331,30
332,4
333,23
334,21
335,1
336,14
337,33
338,15
339,22
340,9
341,32
342,18
343,35
344,32
345,2
346,37
347,12
348,14
349,31
350,9
351,18
352,34
353,27
354,12
355,14
356,14
357,17
358,36
359,9
360,27
361,21
362,19
363,17
364,13
365,7
366,28
367,29
368,37
369,33
370,38
371,31
372,21
373,25
374,2
375,9
376,18
377,28
378,14
379,37
380,11
381,21
382,15
383,6
384,15
385,22
386,1
387,21
388,5
389,30
390,6
391,15
392,21
393,6
394,21
395,22
396,26
397,12
398,17
399,36
400,27
1,2
1,5
1,9
1,10
1,20
1,71
1,134
1,225
1,237
2,3
2,6
2,49
2,171
2,363
3,4
3,13
3,17
3,98
3,298
3,364
4,31
4,209
4,327
5,7
5,8
5,15
5,42
5,314
6,50
6,82
6,119
6,140
6,143
7,14
7,27
7,32
7,77
7,154
7,241
8,22
8,52
8,85
8,232
9,21
9,23
9,40
9,108
10,11
10,38
10,113
10,265
10,330
11,12
11,19
12,18
12,149
12,267
13,24
13,26
13,33
13,84
14,16
14,25
14,41
14,43
14,61
14,165
15,343
16,34
16,48
16,62
16,68
17,45
17,55
17,190
17,201
18,282
19,46
19,126
19,258
19,277
20,64
20,89
20,97
20,115
20,216
21,29
21,44
21,56
21,72
22,102
22,229
23,39
23,107
23,370
24,28
24,76
24,114
24,184
24,311
24,369
25,57
25,133
25,383
26,158
27,36
28,30
28,35
28,92
28,95
28,259
29,253
30,354
31,129
31,356
32,206
33,37
33,65
33,81
33,198
34,62
34,194
35,51
35,59
35,96
35,100
35,120
36,47
36,183
36,191
36,192
37,252
38,60
38,69
38,132
38,269
39,74
40,150
40,203
41,53
41,99
41,106
41,294
42,58
42,121
44,270
45,190
46,54
46,73
46,136
46,163
47,86
49,63
49,66
49,226
49,234
49,290
49,360
50,168
50,179
51,332
53,104
53,233
53,300
53,325
53,384
54,163
55,79
55,90
55,186
56,142
57,70
57,247
57,279
57,370
58,175
58,398
59,83
59,263
60,91
60,299
61,293
61,372
62,324
62,345
63,152
64,78
64,88
65,67
65,87
66,103
66,148
66,178
66,235
66,289
67,339
68,75
68,109
69,93
69,138
69,177
71,180
72,122
72,365
73,189
74,151
74,255
74,386
75,80
75,271
76,117
76,145
76,159
77,214
78,112
79,137
79,182
79,242
80,162
80,285
80,297
81,141
81,207
81,395
82,105
82,124
82,238
83,100
83,116
83,139
84,111
84,284
84,287
85,228
85,266
86,191
88,130
88,318
88,353
89,94
89,123
89,243
90,172
91,144
92,342
93,361
94,112
94,167
94,328
95,125
95,373
96,101
96,172
97,244
98,188
99,128
101,118
102,220
103,312
104,166
105,124
106,291
106,393
107,205
107,305
108,110
108,200
109,169
110,160
110,346
111,264
112,127
113,156
113,161
113,174
114,187
115,202
115,208
115,286
116,131
116,155
116,210
116,218
117,135
117,181
117,248
119,146
119,176
119,217
119,222
119,303
120,153
120,211
120,276
121,220
122,288
123,227
124,336
125,262
125,342
125,381
128,250
129,197
131,164
131,195
131,219
131,224
132,193
132,368
134,257
135,170
135,301
136,331
137,239
137,242
137,302
137,335
138,157
138,196
138,213
139,382
140,147
140,366
141,295
142,292
142,320
142,326
145,170
148,234
150,347
151,280
152,274
153,173
153,204
153,276
154,385
156,337
157,251
157,344
158,249
161,230
162,304
163,185
164,218
164,223
165,254
165,313
168,238
171,231
176,212
177,269
178,221
178,306
180,199
183,245
184,187
184,321
188,367
189,358
190,374
191,333
195,307
195,341
195,371
197,278
198,261
199,379
201,215
201,380
202,236
202,256
205,296
207,350
208,244
210,323
214,245
217,357
217,368
220,362
221,340
224,378
225,315
226,260
226,355
228,376
228,388
229,240
230,329
230,389
232,388
233,384
236,286
238,359
239,281
241,310
242,246
244,316
246,268
249,395
250,325
253,334
255,305
257,273
258,265
258,275
260,355
261,272
262,352
264,309
265,308
265,400
269,387
274,351
274,367
277,283
278,356
280,386
283,322
283,338
283,358
283,390
284,309
291,304
292,326
293,372
295,348
302,319
314,317
320,349
323,375
323,392
334,349
336,399
342,377
346,347
353,396
369,397
370,391
388,394
