450
405
494
1,188
2,295
3,262
4,76
5,401
6,56
7,277
8,39
9,58
10,353
11,166
12,271
13,122
14,368
15,361
16,111
17,108
18,329
19,25
20,17
21,101
22,333
23,364
24,296
25,62
26,382
27,338
28,82
29,114
30,344
31,229
32,321
33,246
34,367
35,74
36,31
37,251
38,42
39,323
40,10
41,35
42,394
43,169
44,91
45,176
46,193
47,29
48,128
49,392
50,340
51,346
52,360
53,221
54,201
55,196
56,81
57,405
58,66
59,47
60,103
61,34
62,238
63,3
64,64
65,36
66,84
67,190
68,335
69,272
70,151
71,212
72,26
73,134
74,237
75,52
76,222
77,206
78,78
79,120
80,197
81,246
82,339
83,249
84,305
85,184
86,141
87,41
88,79
89,50
90,219
91,200
92,223
93,379
94,18
95,190
96,173
97,9
98,207
99,8
100,136
101,177
102,241
103,394
104,61
105,231
106,337
107,106
108,333
109,132
110,2
111,40
112,324
113,167
114,86
115,347
116,381
117,273
118,264
119,254
120,269
121,287
122,55
123,263
124,208
125,373
126,322
127,112
128,371
129,275
130,46
131,257
132,313
133,23
134,301
135,345
136,341
137,363
138,89
139,274
140,268
141,325
142,73
143,129
144,183
145,32
146,267
147,204
148,172
149,67
150,121
151,395
152,209
153,378
154,19
155,189
156,402
157,88
158,110
159,195
160,370
161,273
162,366
163,18
164,310
165,179
166,53
167,90
168,120
169,307
170,69
171,390
172,244
173,159
174,181
175,63
176,375
177,82
178,147
179,199
180,261
181,395
182,389
183,203
184,319
185,52
186,214
187,234
188,302
189,279
190,242
191,239
192,115
193,201
194,143
195,75
196,123
197,286
198,356
199,162
200,106
201,260
202,131
203,7
204,59
205,167
206,383
207,252
208,180
209,116
210,336
211,150
212,45
213,248
214,174
215,334
216,351
217,198
218,236
219,265
220,14
221,96
222,232
223,102
224,137
225,372
226,170
227,215
228,280
229,388
230,228
231,148
232,376
233,171
234,107
235,99
236,95
237,126
238,16
239,172
240,130
241,205
242,318
243,387
244,133
245,152
246,220
247,316
248,156
249,380
250,182
251,194
252,352
253,386
254,37
255,139
256,396
257,315
258,12
259,218
260,139
261,314
262,215
263,154
264,309
265,378
266,100
267,92
268,322
269,210
270,283
271,391
272,1
273,20
274,358
275,54
276,104
277,293
278,308
279,342
280,97
281,65
282,125
283,60
284,245
285,281
286,4
287,219
288,369
289,384
290,365
291,400
292,187
293,31
294,30
295,165
296,312
297,374
298,348
299,211
300,6
301,371
302,85
303,168
304,98
305,165
306,233
307,311
308,278
309,327
310,149
311,202
312,235
313,21
314,328
315,192
316,385
317,354
318,288
319,300
320,144
321,145
322,57
323,24
324,44
325,292
326,214
327,22
328,185
329,161
330,158
331,303
332,72
333,258
334,294
335,289
336,404
337,142
338,77
339,163
340,9
341,119
342,71
343,71
344,140
345,331
346,28
347,135
348,153
349,128
350,297
351,224
352,13
353,302
354,350
355,326
356,48
357,109
358,87
359,226
360,284
361,290
362,51
363,186
364,217
365,160
366,38
367,256
368,213
369,230
370,164
371,97
372,362
373,68
374,11
375,285
376,27
377,397
378,70
379,124
380,299
381,351
382,359
383,43
384,80
385,127
386,138
387,343
388,377
389,56
390,269
391,155
392,306
393,146
394,15
395,178
396,282
397,86
398,270
399,191
400,305
401,248
402,393
403,208
404,320
405,58
406,332
407,93
408,105
409,403
410,349
411,175
412,5
413,247
414,330
415,290
416,94
417,149
418,83
419,317
420,227
421,113
422,266
423,243
424,375
425,378
426,49
427,276
428,216
429,253
430,398
431,225
432,291
433,79
434,255
435,250
436,212
437,240
438,117
439,259
440,298
441,157
442,304
443,118
444,171
445,399
446,247
447,355
448,357
449,171
450,33
1,2
1,3
1,12
1,28
1,54
1,222
1,265
1,385
2,9
2,13
2,19
2,44
2,123
2,306
3,4
3,7
3,22
4,5
4,6
4,11
4,18
4,136
4,262
4,268
4,319
5,8
5,17
5,110
5,181
5,250
6,10
6,24
6,37
6,280
6,289
6,439
7,42
7,85
7,313
8,14
8,30
8,307
9,23
9,36
9,140
9,183
9,193
10,15
10,106
10,217
10,274
11,21
11,50
11,129
11,305
12,60
12,139
12,182
12,186
12,211
12,358
13,51
13,55
13,58
13,109
13,247
13,258
14,16
14,25
14,52
14,219
15,57
15,79
15,124
15,227
15,230
15,232
16,20
16,31
16,38
16,49
16,76
16,135
16,244
16,312
17,32
17,34
17,53
17,241
17,285
18,90
18,375
18,378
19,26
19,75
20,27
20,40
20,117
20,226
21,71
21,157
23,35
23,48
23,56
23,63
23,67
23,114
23,126
23,271
24,69
24,78
24,101
24,197
24,199
25,329
26,62
27,33
27,212
27,428
28,29
28,65
28,96
28,119
28,309
29,68
29,147
30,45
30,80
31,92
31,121
32,39
32,102
32,195
32,343
32,370
33,88
33,116
33,300
34,110
34,118
34,272
35,87
35,105
35,137
36,41
36,81
37,106
38,46
38,59
38,64
39,43
39,127
39,301
39,347
40,73
40,178
40,188
40,322
43,94
44,111
45,47
45,235
46,150
47,174
49,125
50,82
50,84
50,95
50,129
50,357
50,389
51,187
51,304
52,70
52,108
52,156
53,251
54,422
55,72
55,160
55,331
56,228
56,257
57,66
57,124
57,138
58,61
59,150
60,182
61,74
61,320
61,410
63,89
63,336
64,112
64,240
64,416
65,83
65,99
65,158
66,291
67,104
68,134
68,144
69,141
69,173
69,255
69,407
70,77
70,334
71,390
73,107
74,122
74,132
74,284
76,133
76,202
76,210
76,392
77,209
77,295
78,208
78,216
78,394
79,100
79,425
80,273
80,317
80,360
80,417
81,159
81,172
81,350
82,86
82,128
84,97
84,339
86,389
87,91
87,113
87,269
88,196
89,161
89,206
90,93
90,115
90,344
90,429
91,269
91,399
92,120
93,155
93,176
93,448
94,279
94,343
95,246
97,98
98,315
98,363
99,362
100,214
100,297
101,283
101,449
102,103
102,192
102,318
103,266
104,234
105,242
105,444
106,130
106,218
106,276
108,153
108,295
109,131
109,162
109,270
109,331
110,151
111,294
111,340
114,271
114,303
114,419
114,436
116,207
117,154
117,359
118,148
119,205
119,287
120,146
120,349
120,414
121,259
122,296
123,261
124,185
125,149
125,224
125,249
125,254
125,316
126,168
126,275
128,142
129,177
129,191
129,252
129,383
130,298
131,270
132,183
132,415
135,164
135,169
136,167
136,229
136,372
137,426
138,143
138,145
138,152
138,194
139,179
140,180
140,354
140,367
140,409
140,427
142,171
142,200
142,402
143,233
144,166
146,201
146,256
147,170
147,223
147,248
149,163
150,346
152,332
153,165
154,359
155,243
155,263
155,443
155,448
156,245
158,382
159,213
160,175
160,403
165,293
166,215
167,260
167,321
168,326
170,189
170,355
172,350
174,430
175,437
178,190
181,379
182,434
183,184
183,264
184,198
184,203
185,204
187,351
190,349
193,220
193,328
193,450
194,253
194,267
196,207
200,292
200,356
200,373
200,388
201,352
201,364
201,414
202,231
202,281
204,221
205,440
206,336
208,394
211,236
211,358
212,226
214,299
215,225
215,422
216,330
216,337
216,395
218,298
219,302
219,368
221,282
222,237
223,355
226,325
227,278
227,445
229,260
230,314
230,365
231,238
232,277
233,291
234,239
240,335
242,450
243,361
247,384
251,285
253,377
254,316
258,324
259,286
259,345
259,391
260,308
261,290
261,310
262,341
262,393
265,288
266,432
274,401
278,404
280,342
282,353
282,376
283,330
283,397
283,400
286,418
290,407
292,356
294,424
294,438
295,421
299,369
302,311
303,323
307,413
308,420
309,440
310,333
310,381
310,405
310,446
313,396
314,338
314,374
316,408
318,370
319,433
323,327
323,348
328,423
332,377
336,398
338,435
339,363
346,366
349,380
362,411
365,371
369,412
369,442
373,387
373,402
375,378
382,447
383,386
390,417
392,416
398,431
401,445
405,406
411,447
434,441
