200
20
9950
1,17
2,3
3,12
4,5
5,5
6,19
7,19
8,13
9,9
10,8
11,4
12,2
13,6
14,2
15,2
16,7
17,20
18,6
19,16
20,1
21,4
22,13
23,8
24,20
25,1
26,9
27,9
28,16
29,7
30,17
31,15
32,5
33,1
34,4
35,13
36,2
37,1
38,5
39,15
40,18
41,1
42,10
43,16
44,5
45,9
46,17
47,9
48,10
49,2
50,4
51,20
52,20
53,20
54,3
55,13
56,13
57,14
58,6
59,10
60,7
61,20
62,15
63,3
64,20
65,17
66,8
67,19
68,7
69,5
70,6
71,2
72,16
73,9
74,3
75,11
76,12
77,15
78,2
79,13
80,16
81,15
82,16
83,8
84,8
85,18
86,18
87,14
88,10
89,4
90,11
91,17
92,16
93,3
94,15
95,11
96,5
97,10
98,4
99,11
100,6
101,3
102,13
103,12
104,14
105,20
106,4
107,4
108,15
109,15
110,19
111,8
112,14
113,11
114,6
115,19
116,18
117,7
118,13
119,5
120,13
121,16
122,13
123,11
124,10
125,8
126,4
127,13
128,7
129,14
130,18
131,17
132,15
133,8
134,9
135,3
136,12
137,18
138,17
139,15
140,3
141,15
142,12
143,11
144,19
145,1
146,17
147,6
148,17
149,8
150,18
151,16
152,3
153,11
154,20
155,13
156,4
157,8
158,10
159,7
160,7
161,4
162,17
163,8
164,14
165,3
166,19
167,13
168,3
169,4
170,7
171,6
172,4
173,10
174,1
175,17
176,10
177,11
178,6
179,16
180,1
181,3
182,18
183,13
184,12
185,11
186,12
187,8
188,15
189,20
190,10
191,1
192,20
193,19
194,5
195,6
196,6
197,4
198,7
199,13
200,14
1,3
1,6
1,9
1,10
1,11
1,14
1,18
1,20
1,22
1,23
1,24
1,28
1,32
1,34
1,35
1,37
1,39
1,41
1,43
1,47
1,53
1,56
1,59
1,61
1,62
1,63
1,64
1,65
1,66
1,67
1,68
1,69
1,70
1,71
1,72
1,73
1,74
1,78
1,79
1,80
1,81
1,82
1,85
1,87
1,88
1,89
1,91
1,92
1,93
1,94
1,95
1,98
1,99
1,100
1,101
1,104
1,105
1,107
1,111
1,113
1,115
1,117
1,118
1,120
1,126
1,127
1,128
1,130
1,131
1,132
1,133
1,135
1,136
1,138
1,139
1,140
1,141
1,143
1,146
1,149
1,152
1,153
1,154
1,155
1,159
1,162
1,169
1,171
1,174
1,177
1,178
1,179
1,180
1,181
1,182
1,187
1,190
1,191
1,192
1,193
1,194
1,198
1,199
1,200
2,3
2,5
2,11
2,12
2,13
2,14
2,15
2,16
2,17
2,18
2,22
2,23
2,24
2,25
2,27
2,29
2,32
2,38
2,39
2,40
2,41
2,43
2,49
2,51
2,54
2,55
2,61
2,62
2,63
2,65
2,66
2,68
2,71
2,74
2,75
2,77
2,78
2,79
2,81
2,83
2,85
2,88
2,90
2,91
2,92
2,93
2,96
2,98
2,102
2,104
2,106
2,108
2,110
2,111
2,115
2,116
2,117
2,118
2,119
2,120
2,121
2,122
2,123
2,124
2,125
2,127
2,128
2,129
2,130
2,133
2,135
2,137
2,139
2,140
2,142
2,143
2,144
2,146
2,149
2,151
2,153
2,154
2,155
2,156
2,159
2,163
2,166
2,167
2,169
2,171
2,173
2,174
2,175
2,176
2,179
2,181
2,183
2,185
2,186
2,188
2,189
2,191
2,192
2,195
2,198
2,199
3,4
3,7
3,8
3,9
3,12
3,13
3,16
3,21
3,22
3,30
3,32
3,35
3,36
3,37
3,39
3,40
3,44
3,51
3,52
3,53
3,55
3,57
3,61
3,62
3,63
3,68
3,71
3,72
3,74
3,77
3,81
3,83
3,85
3,89
3,91
3,94
3,95
3,99
3,101
3,103
3,106
3,116
3,118
3,119
3,120
3,121
3,123
3,125
3,132
3,135
3,136
3,141
3,142
3,143
3,146
3,148
3,149
3,151
3,152
3,153
3,154
3,155
3,156
3,157
3,161
3,162
3,165
3,166
3,167
3,168
3,170
3,171
3,174
3,175
3,176
3,181
3,184
3,186
3,187
3,188
3,193
3,194
3,195
3,197
3,198
4,7
4,8
4,11
4,14
4,15
4,16
4,17
4,18
4,19
4,20
4,21
4,22
4,24
4,25
4,26
4,27
4,31
4,32
4,33
4,34
4,36
4,37
4,42
4,44
4,45
4,47
4,51
4,52
4,57
4,59
4,61
4,63
4,64
4,69
4,71
4,72
4,73
4,76
4,78
4,79
4,80
4,81
4,82
4,83
4,85
4,86
4,88
4,89
4,90
4,91
4,94
4,95
4,97
4,99
4,101
4,102
4,103
4,104
4,106
4,108
4,109
4,115
4,116
4,117
4,120
4,123
4,127
4,128
4,129
4,130
4,131
4,132
4,133
4,136
4,138
4,139
4,140
4,143
4,144
4,145
4,146
4,147
4,148
4,151
4,152
4,153
4,154
4,155
4,157
4,160
4,161
4,162
4,163
4,168
4,172
4,173
4,177
4,182
4,183
4,184
4,186
4,190
4,193
4,194
4,199
4,200
5,7
5,12
5,14
5,15
5,16
5,18
5,20
5,21
5,22
5,24
5,25
5,28
5,30
5,31
5,34
5,35
5,38
5,40
5,41
5,44
5,45
5,47
5,48
5,49
5,50
5,52
5,53
5,55
5,56
5,57
5,61
5,62
5,66
5,68
5,72
5,73
5,74
5,77
5,78
5,79
5,80
5,81
5,84
5,85
5,87
5,88
5,90
5,91
5,92
5,93
5,95
5,102
5,104
5,106
5,110
5,111
5,114
5,116
5,117
5,118
5,119
5,120
5,121
5,122
5,123
5,124
5,128
5,129
5,134
5,137
5,138
5,140
5,141
5,146
5,147
5,153
5,156
5,157
5,162
5,163
5,165
5,168
5,169
5,171
5,172
5,176
5,177
5,180
5,182
5,183
5,185
5,186
5,187
5,190
5,191
5,193
5,195
5,196
6,9
6,12
6,14
6,16
6,17
6,18
6,19
6,20
6,22
6,28
6,30
6,33
6,34
6,37
6,39
6,41
6,42
6,44
6,46
6,48
6,49
6,52
6,54
6,57
6,58
6,59
6,60
6,63
6,67
6,68
6,69
6,73
6,74
6,76
6,77
6,82
6,83
6,88
6,89
6,91
6,94
6,95
6,96
6,98
6,99
6,100
6,101
6,107
6,108
6,109
6,110
6,111
6,115
6,117
6,120
6,121
6,122
6,123
6,125
6,128
6,131
6,132
6,134
6,137
6,138
6,140
6,142
6,143
6,145
6,149
6,153
6,156
6,159
6,160
6,163
6,164
6,165
6,166
6,167
6,168
6,170
6,173
6,174
6,177
6,179
6,184
6,185
6,186
6,187
6,188
6,191
6,192
6,194
6,195
6,196
6,197
7,8
7,10
7,13
7,14
7,16
7,18
7,20
7,22
7,23
7,26
7,31
7,32
7,33
7,34
7,35
7,36
7,38
7,41
7,42
7,49
7,50
7,51
7,53
7,55
7,58
7,60
7,61
7,62
7,66
7,67
7,68
7,72
7,74
7,77
7,80
7,82
7,83
7,85
7,86
7,87
7,88
7,89
7,90
7,91
7,92
7,95
7,96
7,98
7,99
7,102
7,106
7,111
7,114
7,117
7,118
7,121
7,122
7,124
7,125
7,126
7,128
7,130
7,135
7,136
7,137
7,139
7,140
7,141
7,142
7,144
7,150
7,154
7,155
7,156
7,158
7,161
7,162
7,163
7,164
7,167
7,168
7,169
7,170
7,171
7,173
7,174
7,175
7,176
7,178
7,179
7,180
7,185
7,186
7,190
7,191
7,192
7,194
7,195
7,198
8,9
8,10
8,11
8,12
8,13
8,15
8,16
8,19
8,21
8,22
8,23
8,24
8,27
8,28
8,32
8,34
8,35
8,37
8,40
8,41
8,42
8,44
8,45
8,46
8,48
8,53
8,55
8,56
8,57
8,58
8,60
8,62
8,64
8,66
8,67
8,69
8,72
8,73
8,74
8,82
8,83
8,84
8,85
8,86
8,88
8,91
8,92
8,93
8,94
8,95
8,96
8,97
8,99
8,102
8,105
8,108
8,109
8,110
8,111
8,112
8,116
8,117
8,118
8,120
8,121
8,122
8,124
8,126
8,127
8,128
8,129
8,134
8,136
8,137
8,138
8,140
8,141
8,144
8,147
8,150
8,152
8,153
8,156
8,157
8,158
8,159
8,160
8,166
8,167
8,168
8,170
8,172
8,177
8,182
8,184
8,189
8,190
8,191
8,193
8,194
8,195
8,197
8,198
9,11
9,13
9,17
9,18
9,19
9,20
9,21
9,22
9,25
9,26
9,27
9,29
9,30
9,34
9,35
9,37
9,38
9,42
9,44
9,45
9,48
9,50
9,55
9,56
9,57
9,59
9,62
9,63
9,65
9,69
9,70
9,73
9,74
9,76
9,77
9,78
9,79
9,82
9,83
9,85
9,88
9,90
9,98
9,102
9,104
9,105
9,106
9,107
9,108
9,109
9,111
9,112
9,114
9,116
9,120
9,121
9,122
9,125
9,126
9,129
9,130
9,131
9,133
9,135
9,136
9,140
9,143
9,144
9,146
9,147
9,149
9,151
9,153
9,156
9,157
9,158
9,160
9,162
9,164
9,167
9,169
9,177
9,179
9,180
9,182
9,183
9,188
9,189
9,195
9,196
9,197
9,199
9,200
10,11
10,12
10,13
10,19
10,22
10,23
10,26
10,27
10,29
10,32
10,33
10,34
10,35
10,39
10,40
10,42
10,43
10,45
10,46
10,47
10,48
10,50
10,52
10,53
10,54
10,55
10,56
10,60
10,62
10,63
10,64
10,65
10,66
10,67
10,68
10,71
10,72
10,73
10,74
10,75
10,76
10,77
10,78
10,79
10,81
10,82
10,86
10,87
10,88
10,89
10,93
10,94
10,96
10,98
10,99
10,101
10,102
10,103
10,105
10,106
10,108
10,109
10,111
10,112
10,113
10,116
10,117
10,118
10,123
10,126
10,128
10,129
10,132
10,135
10,136
10,142
10,143
10,144
10,146
10,147
10,152
10,153
10,154
10,155
10,158
10,160
10,161
10,162
10,163
10,166
10,169
10,171
10,173
10,175
10,176
10,178
10,183
10,184
10,185
10,188
10,189
10,191
10,193
10,195
10,196
10,197
10,198
10,199
10,200
11,13
11,16
11,17
11,19
11,20
11,21
11,22
11,24
11,25
11,27
11,29
11,30
11,31
11,33
11,34
11,35
11,36
11,38
11,39
11,40
11,41
11,42
11,44
11,45
11,46
11,47
11,48
11,50
11,52
11,53
11,54
11,55
11,56
11,57
11,59
11,61
11,65
11,66
11,67
11,70
11,71
11,72
11,81
11,82
11,86
11,88
11,89
11,90
11,91
11,93
11,98
11,99
11,105
11,108
11,110
11,114
11,115
11,119
11,120
11,121
11,122
11,126
11,128
11,132
11,134
11,137
11,138
11,139
11,144
11,146
11,147
11,149
11,150
11,152
11,153
11,154
11,155
11,156
11,163
11,164
11,166
11,167
11,172
11,173
11,177
11,179
11,181
11,182
11,185
11,186
11,190
11,191
11,192
11,193
11,194
11,195
11,198
12,16
12,18
12,19
12,20
12,23
12,27
12,28
12,29
12,30
12,32
12,33
12,34
12,36
12,38
12,40
12,42
12,43
12,44
12,50
12,56
12,57
12,58
12,60
12,61
12,64
12,68
12,74
12,76
12,77
12,78
12,79
12,80
12,81
12,82
12,83
12,86
12,88
12,89
12,91
12,94
12,97
12,100
12,101
12,105
12,106
12,107
12,108
12,110
12,111
12,115
12,116
12,117
12,119
12,120
12,123
12,125
12,127
12,128
12,130
12,131
12,135
12,137
12,140
12,141
12,143
12,144
12,147
12,148
12,150
12,151
12,152
12,155
12,156
12,157
12,159
12,163
12,165
12,166
12,168
12,172
12,175
12,176
12,178
12,180
12,182
12,183
12,190
12,193
12,195
12,196
12,198
12,200
13,17
13,18
13,21
13,22
13,23
13,29
13,31
13,33
13,36
13,38
13,42
13,43
13,44
13,45
13,48
13,51
13,52
13,54
13,62
13,64
13,65
13,67
13,69
13,71
13,72
13,73
13,74
13,75
13,77
13,78
13,79
13,81
13,85
13,88
13,90
13,91
13,92
13,94
13,96
13,97
13,99
13,100
13,104
13,105
13,109
13,110
13,111
13,112
13,113
13,114
13,115
13,116
13,117
13,122
13,123
13,124
13,125
13,126
13,128
13,130
13,131
13,132
13,134
13,135
13,139
13,141
13,142
13,143
13,144
13,145
13,146
13,147
13,153
13,154
13,155
13,156
13,157
13,159
13,160
13,162
13,163
13,166
13,167
13,168
13,172
13,174
13,177
13,178
13,179
13,183
13,184
13,191
13,192
13,193
13,199
14,20
14,21
14,24
14,28
14,29
14,31
14,34
14,37
14,38
14,40
14,42
14,43
14,47
14,48
14,49
14,50
14,51
14,52
14,56
14,58
14,59
14,60
14,61
14,63
14,65
14,66
14,67
14,68
14,69
14,70
14,71
14,72
14,74
14,76
14,79
14,85
14,88
14,89
14,90
14,92
14,94
14,97
14,98
14,100
14,101
14,103
14,104
14,107
14,108
14,109
14,110
14,111
14,114
14,115
14,116
14,117
14,118
14,119
14,124
14,125
14,126
14,128
14,130
14,131
14,132
14,134
14,136
14,140
14,141
14,144
14,146
14,148
14,149
14,151
14,152
14,154
14,155
14,156
14,157
14,158
14,159
14,160
14,162
14,164
14,165
14,167
14,169
14,172
14,174
14,175
14,176
14,177
14,178
14,181
14,186
14,189
14,190
14,191
14,192
14,194
14,195
14,197
14,198
14,200
15,16
15,18
15,20
15,24
15,25
15,32
15,35
15,42
15,45
15,48
15,50
15,51
15,54
15,55
15,58
15,62
15,63
15,64
15,65
15,67
15,68
15,69
15,70
15,72
15,73
15,74
15,77
15,79
15,80
15,87
15,90
15,91
15,93
15,95
15,98
15,104
15,105
15,106
15,111
15,112
15,114
15,115
15,116
15,117
15,118
15,119
15,121
15,122
15,124
15,125
15,128
15,129
15,131
15,134
15,135
15,137
15,138
15,139
15,143
15,146
15,148
15,150
15,156
15,158
15,161
15,163
15,165
15,166
15,168
15,169
15,170
15,171
15,173
15,174
15,175
15,178
15,179
15,180
15,182
15,188
15,193
15,195
15,198
15,199
16,21
16,26
16,27
16,28
16,29
16,31
16,34
16,35
16,36
16,41
16,42
16,45
16,47
16,50
16,55
16,56
16,57
16,58
16,59
16,61
16,62
16,63
16,64
16,66
16,68
16,70
16,71
16,72
16,75
16,76
16,77
16,78
16,80
16,82
16,85
16,88
16,93
16,96
16,99
16,100
16,105
16,106
16,109
16,110
16,111
16,113
16,114
16,115
16,116
16,120
16,123
16,127
16,132
16,133
16,135
16,136
16,137
16,138
16,140
16,144
16,145
16,148
16,152
16,154
16,156
16,160
16,163
16,165
16,166
16,168
16,176
16,177
16,179
16,180
16,183
16,187
16,188
16,189
16,191
16,192
16,193
16,195
16,196
16,197
16,198
16,199
17,18
17,19
17,23
17,24
17,25
17,27
17,34
17,36
17,39
17,40
17,44
17,45
17,46
17,47
17,49
17,53
17,54
17,58
17,62
17,63
17,64
17,65
17,66
17,69
17,70
17,71
17,72
17,73
17,77
17,78
17,80
17,83
17,86
17,88
17,89
17,91
17,95
17,96
17,97
17,98
17,101
17,102
17,104
17,105
17,106
17,112
17,113
17,115
17,116
17,117
17,121
17,122
17,123
17,125
17,126
17,128
17,129
17,130
17,131
17,132
17,134
17,135
17,136
17,139
17,140
17,141
17,142
17,143
17,144
17,145
17,146
17,147
17,149
17,151
17,153
17,154
17,155
17,156
17,158
17,159
17,160
17,161
17,162
17,163
17,165
17,171
17,177
17,178
17,180
17,182
17,183
17,186
17,187
17,190
17,196
17,198
18,19
18,20
18,23
18,26
18,29
18,32
18,35
18,36
18,37
18,40
18,41
18,42
18,43
18,45
18,46
18,47
18,48
18,51
18,53
18,55
18,56
18,59
18,61
18,62
18,63
18,66
18,67
18,68
18,69
18,71
18,72
18,74
18,76
18,81
18,83
18,84
18,86
18,89
18,92
18,95
18,97
18,98
18,99
18,100
18,101
18,105
18,106
18,108
18,109
18,111
18,113
18,114
18,116
18,117
18,122
18,124
18,128
18,129
18,130
18,133
18,134
18,135
18,138
18,142
18,146
18,147
18,148
18,149
18,153
18,155
18,157
18,159
18,160
18,163
18,167
18,168
18,171
18,174
18,175
18,176
18,177
18,178
18,180
18,181
18,182
18,183
18,185
18,187
18,188
18,189
18,191
18,194
18,197
18,198
19,20
19,22
19,23
19,24
19,26
19,29
19,33
19,34
19,36
19,38
19,40
19,42
19,43
19,45
19,46
19,47
19,48
19,49
19,50
19,53
19,54
19,55
19,56
19,62
19,63
19,65
19,71
19,74
19,77
19,81
19,84
19,85
19,86
19,88
19,90
19,92
19,94
19,95
19,100
19,104
19,105
19,109
19,111
19,112
19,115
19,118
19,119
19,122
19,124
19,131
19,132
19,134
19,138
19,139
19,141
19,142
19,143
19,145
19,147
19,149
19,157
19,159
19,160
19,163
19,168
19,170
19,171
19,173
19,174
19,175
19,176
19,178
19,182
19,183
19,184
19,185
19,190
19,192
19,194
19,195
19,197
19,198
19,199
19,200
20,22
20,23
20,24
20,29
20,30
20,31
20,32
20,33
20,37
20,38
20,41
20,44
20,50
20,54
20,56
20,57
20,63
20,64
20,65
20,66
20,69
20,70
20,71
20,72
20,75
20,76
20,77
20,80
20,84
20,86
20,87
20,88
20,89
20,90
20,91
20,93
20,94
20,97
20,100
20,101
20,103
20,105
20,106
20,107
20,110
20,111
20,113
20,115
20,116
20,118
20,121
20,122
20,125
20,126
20,129
20,130
20,133
20,134
20,136
20,139
20,140
20,141
20,143
20,144
20,145
20,146
20,148
20,150
20,153
20,154
20,155
20,156
20,158
20,162
20,163
20,164
20,166
20,167
20,168
20,170
20,171
20,173
20,176
20,181
20,182
20,184
20,191
20,193
20,194
20,195
20,196
20,197
20,198
20,200
21,23
21,24
21,27
21,29
21,30
21,34
21,35
21,39
21,40
21,42
21,44
21,45
21,49
21,51
21,52
21,56
21,60
21,62
21,63
21,65
21,69
21,70
21,71
21,75
21,76
21,79
21,80
21,82
21,83
21,84
21,87
21,91
21,92
21,93
21,94
21,98
21,99
21,101
21,104
21,106
21,107
21,113
21,116
21,118
21,121
21,122
21,123
21,125
21,128
21,129
21,130
21,133
21,135
21,136
21,137
21,139
21,141
21,143
21,145
21,146
21,148
21,150
21,151
21,153
21,156
21,159
21,162
21,165
21,166
21,167
21,168
21,170
21,172
21,174
21,177
21,178
21,182
21,185
21,187
21,192
21,193
21,195
21,196
21,197
21,198
21,199
21,200
22,23
22,26
22,27
22,28
22,29
22,31
22,33
22,35
22,38
22,41
22,42
22,43
22,44
22,45
22,46
22,49
22,52
22,53
22,54
22,56
22,57
22,60
22,61
22,64
22,66
22,68
22,71
22,74
22,75
22,77
22,81
22,83
22,84
22,89
22,90
22,91
22,95
22,96
22,98
22,99
22,102
22,104
22,105
22,106
22,109
22,113
22,114
22,115
22,117
22,121
22,122
22,123
22,124
22,125
22,126
22,129
22,131
22,132
22,134
22,137
22,139
22,143
22,146
22,148
22,152
22,153
22,155
22,157
22,158
22,161
22,162
22,163
22,165
22,167
22,168
22,169
22,170
22,171
22,172
22,174
22,178
22,179
22,180
22,181
22,184
22,185
22,186
22,187
22,191
22,194
22,195
22,196
22,197
22,199
22,200
23,24
23,30
23,31
23,33
23,35
23,37
23,38
23,39
23,44
23,45
23,48
23,49
23,52
23,53
23,55
23,57
23,59
23,61
23,63
23,67
23,69
23,70
23,71
23,73
23,75
23,76
23,77
23,79
23,80
23,81
23,82
23,83
23,84
23,85
23,86
23,88
23,89
23,91
23,92
23,95
23,96
23,98
23,100
23,101
23,103
23,105
23,110
23,111
23,112
23,113
23,115
23,117
23,122
23,123
23,125
23,127
23,128
23,129
23,130
23,131
23,134
23,135
23,138
23,139
23,140
23,142
23,143
23,144
23,148
23,150
23,151
23,155
23,156
23,158
23,160
23,161
23,163
23,168
23,170
23,173
23,174
23,175
23,176
23,177
23,178
23,179
23,180
23,181
23,182
23,183
23,189
23,190
23,191
23,195
23,197
23,198
23,199
23,200
24,27
24,28
24,30
24,32
24,33
24,37
24,40
24,42
24,45
24,46
24,50
24,52
24,58
24,59
24,60
24,61
24,62
24,65
24,71
24,72
24,74
24,75
24,77
24,79
24,80
24,81
24,84
24,86
24,88
24,90
24,91
24,93
24,94
24,95
24,96
24,99
24,101
24,104
24,106
24,107
24,108
24,109
24,110
24,115
24,117
24,118
24,121
24,122
24,123
24,124
24,128
24,129
24,130
24,131
24,135
24,139
24,142
24,150
24,151
24,153
24,154
24,156
24,157
24,158
24,163
24,165
24,167
24,172
24,173
24,175
24,176
24,177
24,178
24,181
24,187
24,188
24,192
24,194
24,198
24,200
25,28
25,29
25,30
25,33
25,37
25,38
25,40
25,41
25,45
25,46
25,48
25,52
25,53
25,54
25,55
25,56
25,58
25,59
25,60
25,62
25,64
25,67
25,69
25,70
25,71
25,72
25,73
25,76
25,77
25,81
25,83
25,84
25,86
25,89
25,90
25,92
25,93
25,94
25,95
25,96
25,97
25,99
25,100
25,102
25,103
25,110
25,111
25,113
25,114
25,116
25,118
25,120
25,121
25,123
25,124
25,128
25,129
25,132
25,133
25,134
25,136
25,138
25,139
25,141
25,142
25,143
25,147
25,149
25,152
25,155
25,158
25,160
25,162
25,164
25,165
25,167
25,169
25,170
25,173
25,174
25,177
25,179
25,182
25,183
25,185
25,186
25,187
25,188
25,189
25,190
25,191
25,192
25,193
25,196
25,197
25,198
26,28
26,29
26,38
26,42
26,43
26,45
26,46
26,47
26,48
26,50
26,59
26,63
26,65
26,66
26,67
26,70
26,73
26,74
26,78
26,80
26,82
26,85
26,90
26,92
26,94
26,95
26,96
26,97
26,99
26,100
26,102
26,106
26,107
26,108
26,115
26,118
26,122
26,132
26,134
26,135
26,136
26,138
26,139
26,140
26,141
26,145
26,146
26,147
26,149
26,151
26,152
26,155
26,156
26,157
26,158
26,159
26,160
26,161
26,164
26,165
26,167
26,168
26,171
26,173
26,174
26,176
26,182
26,183
26,184
26,185
26,186
26,188
26,189
26,190
26,192
26,194
26,195
26,196
26,197
26,198
26,200
27,30
27,31
27,36
27,37
27,38
27,42
27,46
27,47
27,48
27,49
27,50
27,52
27,53
27,56
27,59
27,60
27,61
27,62
27,64
27,69
27,70
27,74
27,76
27,80
27,81
27,82
27,83
27,84
27,88
27,89
27,93
27,95
27,96
27,98
27,100
27,102
27,105
27,107
27,108
27,109
27,111
27,112
27,120
27,122
27,125
27,126
27,130
27,132
27,134
27,135
27,138
27,140
27,142
27,143
27,145
27,146
27,147
27,149
27,150
27,151
27,155
27,156
27,159
27,161
27,162
27,163
27,164
27,165
27,166
27,167
27,168
27,169
27,170
27,171
27,173
27,177
27,178
27,180
27,185
27,187
27,190
27,191
27,192
27,193
27,194
27,200
28,30
28,31
28,33
28,35
28,38
28,40
28,43
28,45
28,46
28,49
28,50
28,51
28,54
28,56
28,60
28,61
28,62
28,65
28,66
28,67
28,68
28,72
28,73
28,75
28,77
28,81
28,84
28,86
28,89
28,90
28,92
28,94
28,96
28,97
28,99
28,100
28,102
28,104
28,105
28,106
28,108
28,109
28,111
28,112
28,116
28,118
28,119
28,120
28,122
28,126
28,127
28,128
28,130
28,133
28,134
28,138
28,141
28,142
28,146
28,147
28,149
28,152
28,153
28,156
28,157
28,158
28,160
28,162
28,165
28,167
28,168
28,171
28,172
28,174
28,175
28,176
28,184
28,188
28,189
28,192
28,195
28,196
28,198
28,199
29,31
29,32
29,33
29,36
29,37
29,39
29,42
29,44
29,45
29,47
29,52
29,56
29,57
29,59
29,62
29,63
29,64
29,66
29,67
29,68
29,71
29,72
29,74
29,76
29,77
29,78
29,80
29,83
29,85
29,88
29,92
29,95
29,103
29,105
29,109
29,110
29,113
29,114
29,118
29,119
29,120
29,122
29,123
29,124
29,127
29,130
29,131
29,132
29,133
29,135
29,136
29,137
29,146
29,148
29,149
29,151
29,154
29,156
29,159
29,164
29,169
29,174
29,175
29,176
29,178
29,181
29,182
29,184
29,185
29,189
29,193
29,195
29,196
29,198
29,199
30,31
30,33
30,36
30,37
30,40
30,42
30,45
30,46
30,47
30,48
30,49
30,52
30,53
30,57
30,61
30,62
30,64
30,67
30,70
30,73
30,76
30,79
30,86
30,88
30,89
30,92
30,99
30,101
30,103
30,105
30,107
30,109
30,113
30,117
30,119
30,122
30,123
30,126
30,127
30,129
30,130
30,132
30,133
30,134
30,137
30,138
30,139
30,140
30,144
30,146
30,149
30,150
30,151
30,154
30,155
30,156
30,158
30,160
30,161
30,162
30,164
30,165
30,166
30,171
30,173
30,175
30,177
30,178
30,179
30,183
30,184
30,188
30,190
30,192
30,196
30,200
31,32
31,34
31,36
31,37
31,39
31,40
31,41
31,42
31,43
31,47
31,52
31,56
31,58
31,59
31,61
31,68
31,69
31,70
31,72
31,73
31,74
31,78
31,79
31,80
31,81
31,87
31,88
31,89
31,94
31,95
31,96
31,97
31,99
31,100
31,102
31,103
31,104
31,106
31,107
31,109
31,114
31,120
31,121
31,123
31,125
31,126
31,127
31,129
31,130
31,134
31,136
31,141
31,142
31,144
31,146
31,147
31,149
31,150
31,151
31,153
31,154
31,155
31,157
31,158
31,159
31,162
31,163
31,164
31,165
31,166
31,168
31,169
31,171
31,172
31,173
31,177
31,178
31,180
31,181
31,183
31,185
31,189
31,190
31,191
31,194
31,195
31,197
32,34
32,37
32,38
32,39
32,40
32,41
32,43
32,47
32,48
32,50
32,54
32,55
32,58
32,60
32,61
32,62
32,66
32,68
32,70
32,72
32,75
32,76
32,77
32,78
32,80
32,82
32,85
32,86
32,87
32,88
32,89
32,90
32,91
32,93
32,94
32,97
32,99
32,103
32,104
32,105
32,106
32,108
32,109
32,110
32,112
32,114
32,115
32,121
32,123
32,124
32,125
32,127
32,128
32,129
32,131
32,134
32,135
32,136
32,137
32,142
32,143
32,144
32,147
32,150
32,153
32,157
32,158
32,161
32,163
32,164
32,167
32,168
32,172
32,173
32,174
32,176
32,181
32,182
32,184
32,185
32,186
32,187
32,189
32,190
32,191
32,192
32,193
32,195
32,199
32,200
33,34
33,36
33,40
33,42
33,44
33,45
33,54
33,56
33,58
33,59
33,60
33,62
33,63
33,65
33,68
33,70
33,72
33,73
33,74
33,75
33,82
33,83
33,89
33,90
33,91
33,95
33,97
33,99
33,103
33,104
33,105
33,107
33,108
33,110
33,111
33,112
33,117
33,120
33,122
33,124
33,125
33,127
33,128
33,129
33,130
33,135
33,136
33,138
33,139
33,141
33,148
33,149
33,151
33,152
33,153
33,155
33,159
33,164
33,165
33,167
33,169
33,170
33,172
33,178
33,179
33,180
33,181
33,182
33,183
33,184
33,185
33,187
33,189
33,192
33,194
33,195
33,196
33,197
33,198
34,36
34,38
34,40
34,42
34,45
34,48
34,53
34,54
34,55
34,59
34,61
34,62
34,63
34,64
34,66
34,67
34,70
34,71
34,74
34,77
34,79
34,80
34,81
34,83
34,84
34,85
34,87
34,89
34,90
34,91
34,92
34,93
34,94
34,95
34,97
34,99
34,100
34,101
34,102
34,106
34,110
34,113
34,115
34,116
34,117
34,120
34,121
34,122
34,123
34,125
34,126
34,129
34,130
34,133
34,138
34,139
34,140
34,141
34,142
34,145
34,152
34,154
34,158
34,159
34,160
34,162
34,163
34,164
34,172
34,173
34,181
34,182
34,183
34,185
34,187
34,188
34,189
34,190
34,192
34,193
34,194
34,198
35,37
35,39
35,41
35,42
35,49
35,54
35,57
35,58
35,59
35,60
35,62
35,65
35,69
35,71
35,76
35,78
35,82
35,83
35,84
35,86
35,88
35,91
35,93
35,94
35,95
35,98
35,100
35,105
35,107
35,108
35,111
35,112
35,113
35,115
35,117
35,119
35,123
35,126
35,129
35,134
35,135
35,136
35,137
35,138
35,141
35,143
35,144
35,147
35,149
35,152
35,153
35,154
35,155
35,156
35,157
35,161
35,162
35,167
35,169
35,171
35,172
35,174
35,177
35,183
35,184
35,189
35,190
35,192
35,194
35,195
36,38
36,39
36,41
36,42
36,43
36,45
36,46
36,47
36,48
36,49
36,52
36,55
36,58
36,61
36,62
36,64
36,70
36,71
36,72
36,73
36,75
36,76
36,79
36,82
36,83
36,85
36,87
36,89
36,91
36,93
36,97
36,99
36,100
36,101
36,103
36,107
36,109
36,111
36,118
36,119
36,120
36,121
36,123
36,127
36,129
36,131
36,134
36,136
36,139
36,140
36,141
36,143
36,145
36,148
36,150
36,151
36,152
36,156
36,161
36,162
36,163
36,166
36,167
36,171
36,177
36,178
36,179
36,187
36,188
36,189
36,190
36,192
36,194
36,196
36,197
36,199
37,42
37,43
37,44
37,45
37,46
37,48
37,51
37,53
37,59
37,64
37,65
37,66
37,67
37,68
37,71
37,72
37,75
37,78
37,79
37,82
37,83
37,84
37,87
37,93
37,94
37,97
37,98
37,99
37,100
37,104
37,105
37,106
37,109
37,110
37,113
37,119
37,123
37,126
37,128
37,131
37,132
37,134
37,136
37,137
37,139
37,140
37,141
37,142
37,144
37,145
37,147
37,148
37,149
37,151
37,152
37,153
37,155
37,158
37,160
37,161
37,164
37,165
37,166
37,167
37,168
37,169
37,172
37,173
37,174
37,175
37,176
37,177
37,179
37,181
37,185
37,186
37,187
37,189
37,190
37,193
37,196
37,197
38,43
38,46
38,48
38,51
38,54
38,55
38,56
38,57
38,59
38,60
38,65
38,66
38,68
38,70
38,71
38,72
38,73
38,77
38,78
38,79
38,81
38,82
38,85
38,87
38,88
38,89
38,91
38,92
38,93
38,94
38,96
38,99
38,101
38,102
38,103
38,105
38,106
38,108
38,113
38,114
38,115
38,116
38,117
38,118
38,124
38,125
38,126
38,127
38,128
38,129
38,131
38,132
38,134
38,135
38,136
38,137
38,138
38,139
38,141
38,146
38,147
38,148
38,149
38,152
38,153
38,155
38,156
38,158
38,159
38,160
38,161
38,163
38,164
38,165
38,167
38,168
38,173
38,174
38,175
38,176
38,179
38,184
38,188
38,190
38,193
38,196
38,200
39,42
39,44
39,45
39,46
39,48
39,50
39,51
39,52
39,56
39,57
39,58
39,61
39,62
39,65
39,68
39,77
39,82
39,83
39,84
39,86
39,89
39,92
39,93
39,94
39,95
39,102
39,104
39,105
39,107
39,109
39,114
39,116
39,117
39,119
39,120
39,125
39,127
39,128
39,129
39,130
39,133
39,137
39,139
39,140
39,144
39,145
39,147
39,150
39,152
39,156
39,157
39,158
39,160
39,161
39,162
39,163
39,164
39,169
39,174
39,176
39,177
39,178
39,179
39,186
39,187
39,191
39,193
39,195
39,197
39,198
39,199
39,200
40,41
40,42
40,45
40,46
40,48
40,49
40,51
40,53
40,54
40,57
40,59
40,63
40,66
40,67
40,69
40,70
40,72
40,75
40,76
40,84
40,87
40,88
40,89
40,91
40,94
40,97
40,100
40,103
40,104
40,105
40,106
40,109
40,110
40,112
40,113
40,114
40,115
40,117
40,119
40,123
40,124
40,126
40,130
40,132
40,134
40,135
40,136
40,138
40,140
40,141
40,142
40,144
40,147
40,148
40,149
40,151
40,155
40,158
40,162
40,164
40,165
40,167
40,170
40,176
40,177
40,178
40,179
40,180
40,181
40,182
40,184
40,187
40,189
40,191
40,195
40,196
40,200
41,43
41,44
41,48
41,49
41,52
41,53
41,55
41,56
41,63
41,65
41,66
41,71
41,72
41,73
41,74
41,75
41,76
41,78
41,80
41,84
41,90
41,91
41,94
41,96
41,97
41,98
41,102
41,103
41,104
41,107
41,108
41,109
41,112
41,116
41,118
41,119
41,120
41,121
41,123
41,124
41,126
41,128
41,133
41,135
41,136
41,137
41,139
41,140
41,142
41,145
41,146
41,148
41,150
41,155
41,159
41,161
41,163
41,168
41,172
41,174
41,175
41,177
41,181
41,183
41,185
41,186
41,190
41,193
41,194
41,198
42,44
42,45
42,46
42,47
42,48
42,51
42,54
42,56
42,57
42,58
42,59
42,60
42,63
42,67
42,68
42,70
42,71
42,72
42,73
42,75
42,76
42,77
42,78
42,79
42,81
42,83
42,84
42,87
42,89
42,91
42,92
42,93
42,94
42,105
42,106
42,109
42,111
42,117
42,118
42,121
42,122
42,125
42,132
42,134
42,143
42,144
42,146
42,147
42,149
42,150
42,152
42,160
42,162
42,165
42,166
42,168
42,169
42,171
42,173
42,174
42,177
42,178
42,179
42,184
42,185
42,186
42,188
42,190
42,191
42,193
42,194
42,195
42,197
42,199
43,45
43,46
43,47
43,52
43,53
43,55
43,58
43,59
43,61
43,62
43,65
43,66
43,68
43,69
43,70
43,76
43,77
43,79
43,81
43,82
43,83
43,85
43,88
43,89
43,90
43,91
43,92
43,94
43,98
43,99
43,100
43,102
43,103
43,104
43,105
43,106
43,109
43,113
43,114
43,116
43,117
43,118
43,119
43,120
43,121
43,125
43,126
43,130
43,134
43,135
43,136
43,142
43,143
43,144
43,145
43,147
43,149
43,152
43,156
43,162
43,166
43,170
43,173
43,174
43,175
43,176
43,180
43,182
43,183
43,184
43,185
43,187
43,188
43,189
43,195
43,196
43,197
43,199
44,46
44,49
44,55
44,56
44,57
44,58
44,60
44,61
44,62
44,63
44,64
44,67
44,69
44,71
44,73
44,75
44,77
44,78
44,79
44,80
44,82
44,85
44,86
44,89
44,90
44,94
44,96
44,100
44,101
44,102
44,103
44,106
44,107
44,108
44,111
44,112
44,116
44,117
44,122
44,124
44,126
44,127
44,136
44,139
44,140
44,142
44,143
44,144
44,146
44,147
44,149
44,153
44,154
44,157
44,159
44,161
44,164
44,165
44,166
44,167
44,168
44,169
44,170
44,171
44,172
44,177
44,181
44,182
44,183
44,186
44,187
44,188
44,189
44,196
44,197
44,199
45,47
45,49
45,51
45,53
45,54
45,55
45,57
45,59
45,60
45,61
45,63
45,66
45,67
45,68
45,72
45,74
45,77
45,81
45,83
45,87
45,91
45,92
45,94
45,96
45,100
45,101
45,102
45,103
45,104
45,105
45,106
45,107
45,110
45,112
45,114
45,119
45,120
45,121
45,122
45,123
45,124
45,127
45,128
45,132
45,135
45,136
45,138
45,139
45,142
45,144
45,146
45,147
45,149
45,150
45,152
45,158
45,162
45,165
45,167
45,171
45,173
45,175
45,176
45,183
45,184
45,185
45,186
45,187
45,188
45,189
45,191
45,192
45,193
45,195
45,197
45,198
45,199
45,200
46,48
46,49
46,52
46,53
46,58
46,59
46,63
46,65
46,67
46,70
46,75
46,76
46,79
46,81
46,82
46,86
46,87
46,91
46,92
46,96
46,100
46,101
46,102
46,103
46,105
46,106
46,107
46,109
46,112
46,114
46,115
46,116
46,118
46,120
46,123
46,125
46,127
46,128
46,131
46,132
46,135
46,142
46,151
46,152
46,153
46,154
46,157
46,158
46,160
46,161
46,163
46,164
46,166
46,167
46,168
46,171
46,172
46,173
46,175
46,176
46,179
46,180
46,182
46,186
46,190
46,192
46,196
46,197
46,198
47,48
47,49
47,50
47,52
47,53
47,57
47,58
47,62
47,63
47,66
47,67
47,68
47,69
47,70
47,71
47,74
47,80
47,83
47,84
47,86
47,88
47,89
47,90
47,93
47,94
47,96
47,97
47,98
47,99
47,100
47,101
47,103
47,105
47,107
47,111
47,112
47,113
47,115
47,117
47,118
47,119
47,120
47,121
47,123
47,124
47,125
47,128
47,129
47,131
47,133
47,135
47,138
47,139
47,141
47,145
47,146
47,147
47,148
47,149
47,151
47,152
47,153
47,154
47,155
47,160
47,161
47,162
47,163
47,164
47,165
47,169
47,170
47,173
47,174
47,175
47,176
47,178
47,180
47,181
47,183
47,184
47,185
47,186
47,188
47,190
47,191
47,192
47,194
47,195
47,196
47,198
47,200
48,50
48,57
48,58
48,59
48,60
48,61
48,62
48,63
48,64
48,68
48,78
48,79
48,81
48,83
48,84
48,87
48,88
48,91
48,92
48,93
48,95
48,96
48,97
48,100
48,102
48,105
48,108
48,109
48,110
48,113
48,115
48,116
48,118
48,121
48,122
48,123
48,128
48,130
48,134
48,137
48,143
48,144
48,145
48,146
48,149
48,150
48,151
48,155
48,158
48,160
48,161
48,162
48,164
48,165
48,169
48,174
48,175
48,176
48,178
48,181
48,182
48,183
48,185
48,186
48,189
48,190
48,192
48,194
48,195
48,196
48,198
48,200
49,50
49,55
49,56
49,57
49,59
49,61
49,64
49,65
49,66
49,69
49,70
49,78
49,79
49,83
49,86
49,87
49,89
49,92
49,96
49,99
49,100
49,101
49,102
49,105
49,106
49,108
49,109
49,111
49,112
49,113
49,116
49,122
49,124
49,127
49,130
49,133
49,136
49,138
49,141
49,145
49,147
49,149
49,155
49,156
49,157
49,161
49,162
49,163
49,164
49,165
49,166
49,167
49,170
49,171
49,172
49,173
49,176
49,178
49,179
49,181
49,183
49,184
49,185
49,186
49,187
49,189
49,192
49,193
49,195
50,51
50,52
50,54
50,58
50,59
50,61
50,62
50,63
50,65
50,66
50,67
50,72
50,82
50,83
50,86
50,89
50,91
50,97
50,98
50,101
50,103
50,105
50,110
50,114
50,118
50,119
50,125
50,127
50,130
50,133
50,135
50,136
50,138
50,139
50,141
50,142
50,143
50,146
50,147
50,149
50,155
50,156
50,158
50,160
50,167
50,169
50,172
50,173
50,175
50,176
50,177
50,180
50,196
51,52
51,53
51,56
51,59
51,60
51,61
51,62
51,63
51,70
51,71
51,72
51,73
51,74
51,77
51,79
51,80
51,82
51,83
51,85
51,86
51,88
51,90
51,91
51,94
51,95
51,96
51,99
51,100
51,101
51,102
51,103
51,104
51,108
51,109
51,110
51,111
51,112
51,113
51,114
51,117
51,120
51,121
51,123
51,125
51,128
51,130
51,132
51,133
51,136
51,137
51,142
51,147
51,148
51,150
51,151
51,152
51,153
51,154
51,157
51,159
51,161
51,164
51,166
51,168
51,169
51,176
51,179
51,181
51,182
51,183
51,184
51,185
51,187
51,189
51,191
51,192
51,193
51,200
52,53
52,57
52,58
52,60
52,62
52,64
52,65
52,67
52,69
52,70
52,72
52,73
52,74
52,78
52,80
52,81
52,83
52,85
52,88
52,89
52,90
52,96
52,98
52,102
52,103
52,106
52,109
52,111
52,116
52,119
52,121
52,122
52,123
52,124
52,130
52,133
52,136
52,137
52,138
52,140
52,141
52,142
52,148
52,150
52,151
52,157
52,161
52,164
52,168
52,169
52,170
52,172
52,173
52,176
52,177
52,181
52,182
52,184
52,185
52,188
52,189
52,191
52,193
52,194
52,195
52,197
52,198
53,54
53,55
53,56
53,57
53,59
53,61
53,62
53,67
53,72
53,73
53,74
53,75
53,76
53,78
53,83
53,84
53,86
53,87
53,88
53,89
53,90
53,91
53,92
53,93
53,94
53,96
53,100
53,101
53,104
53,111
53,113
53,115
53,121
53,122
53,123
53,124
53,129
53,130
53,133
53,134
53,135
53,138
53,140
53,141
53,142
53,143
53,147
53,148
53,149
53,152
53,153
53,155
53,156
53,159
53,162
53,163
53,164
53,166
53,172
53,174
53,175
53,176
53,178
53,181
53,182
53,183
53,185
53,186
53,187
53,188
53,189
53,190
53,191
53,192
53,193
53,194
53,196
53,198
53,200
54,56
54,59
54,61
54,62
54,64
54,65
54,67
54,68
54,71
54,72
54,73
54,75
54,76
54,81
54,82
54,83
54,84
54,85
54,88
54,97
54,98
54,108
54,112
54,113
54,115
54,119
54,120
54,121
54,123
54,124
54,127
54,128
54,132
54,133
54,134
54,135
54,136
54,137
54,140
54,141
54,142
54,143
54,147
54,151
54,154
54,155
54,156
54,160
54,163
54,164
54,166
54,167
54,168
54,169
54,170
54,171
54,175
54,176
54,180
54,184
54,189
54,190
54,193
54,196
54,198
54,200
55,57
55,58
55,60
55,62
55,63
55,66
55,67
55,68
55,70
55,73
55,75
55,79
55,81
55,82
55,85
55,86
55,87
55,89
55,90
55,92
55,93
55,94
55,95
55,97
55,100
55,101
55,104
55,112
55,113
55,115
55,119
55,120
55,121
55,122
55,123
55,126
55,127
55,128
55,130
55,131
55,132
55,133
55,134
55,137
55,138
55,143
55,146
55,148
55,149
55,150
55,152
55,156
55,157
55,158
55,159
55,160
55,162
55,164
55,165
55,166
55,167
55,169
55,173
55,177
55,178
55,179
55,181
55,185
55,189
55,190
55,192
55,199
56,59
56,60
56,61
56,62
56,68
56,69
56,71
56,72
56,75
56,77
56,80
56,83
56,85
56,92
56,95
56,97
56,98
56,101
56,102
56,104
56,107
56,108
56,110
56,111
56,114
56,115
56,116
56,119
56,125
56,126
56,127
56,131
56,133
56,136
56,139
56,145
56,146
56,147
56,148
56,151
56,152
56,156
56,157
56,158
56,162
56,164
56,166
56,167
56,168
56,173
56,174
56,179
56,183
56,184
56,187
56,188
56,189
56,193
56,196
56,198
57,58
57,59
57,62
57,64
57,65
57,67
57,69
57,73
57,74
57,76
57,77
57,78
57,80
57,82
57,86
57,87
57,88
57,89
57,90
57,91
57,93
57,94
57,96
57,99
57,101
57,102
57,104
57,109
57,111
57,112
57,113
57,115
57,117
57,118
57,119
57,120
57,121
57,122
57,123
57,125
57,127
57,129
57,133
57,134
57,135
57,136
57,137
57,138
57,141
57,142
57,143
57,146
57,147
57,150
57,151
57,152
57,153
57,155
57,158
57,159
57,164
57,166
57,167
57,170
57,173
57,175
57,176
57,177
57,178
57,179
57,182
57,186
57,191
57,193
57,195
57,197
57,198
57,199
57,200
58,59
58,62
58,67
58,68
58,69
58,70
58,71
58,76
58,81
58,84
58,89
58,90
58,91
58,93
58,94
58,97
58,98
58,99
58,101
58,104
58,105
58,106
58,107
58,108
58,111
58,118
58,119
58,123
58,124
58,126
58,127
58,129
58,131
58,135
58,136
58,137
58,141
58,148
58,149
58,150
58,152
58,153
58,157
58,159
58,160
58,161
58,162
58,163
58,164
58,168
58,169
58,170
58,176
58,179
58,180
58,184
58,186
58,187
58,190
58,191
58,192
58,195
58,197
58,198
58,199
58,200
59,61
59,62
59,64
59,65
59,68
59,69
59,74
59,76
59,78
59,80
59,81
59,84
59,85
59,86
59,88
59,89
59,92
59,93
59,96
59,98
59,99
59,100
59,103
59,104
59,105
59,108
59,109
59,111
59,112
59,114
59,116
59,118
59,119
59,125
59,128
59,130
59,135
59,136
59,137
59,138
59,139
59,141
59,143
59,146
59,147
59,149
59,152
59,154
59,155
59,156
59,158
59,159
59,160
59,161
59,162
59,164
59,168
59,170
59,172
59,173
59,179
59,180
59,183
59,185
59,186
59,187
59,189
59,192
59,193
59,194
59,195
59,197
59,198
59,199
59,200
60,62
60,66
60,67
60,68
60,70
60,72
60,73
60,76
60,77
60,80
60,81
60,82
60,83
60,84
60,86
60,91
60,92
60,97
60,98
60,100
60,102
60,103
60,104
60,106
60,107
60,112
60,114
60,116
60,117
60,119
60,120
60,121
60,122
60,125
60,129
60,132
60,133
60,134
60,135
60,140
60,143
60,155
60,156
60,158
60,159
60,160
60,161
60,162
60,164
60,165
60,168
60,169
60,171
60,175
60,179
60,181
60,182
60,184
60,186
60,188
60,189
60,191
60,192
60,194
60,195
60,200
61,65
61,66
61,67
61,71
61,73
61,74
61,75
61,76
61,79
61,82
61,86
61,87
61,92
61,94
61,95
61,96
61,97
61,98
61,100
61,101
61,102
61,104
61,107
61,109
61,115
61,116
61,117
61,118
61,119
61,122
61,123
61,125
61,127
61,128
61,131
61,132
61,133
61,134
61,136
61,140
61,141
61,142
61,144
61,148
61,153
61,157
61,158
61,159
61,160
61,161
61,162
61,163
61,165
61,166
61,167
61,168
61,169
61,171
61,173
61,174
61,175
61,176
61,177
61,179
61,180
61,181
61,182
61,184
61,185
61,186
61,189
61,190
61,192
61,194
61,196
61,198
61,200
62,63
62,64
62,65
62,68
62,69
62,71
62,72
62,73
62,75
62,76
62,79
62,80
62,84
62,88
62,89
62,91
62,94
62,98
62,99
62,100
62,102
62,111
62,112
62,114
62,115
62,117
62,126
62,127
62,129
62,130
62,132
62,136
62,140
62,144
62,145
62,150
62,151
62,152
62,153
62,156
62,157
62,158
62,159
62,160
62,161
62,162
62,163
62,166
62,167
62,171
62,172
62,174
62,175
62,177
62,178
62,179
62,180
62,182
62,188
62,189
62,190
62,191
62,192
62,193
62,194
62,196
62,197
63,65
63,66
63,67
63,68
63,69
63,73
63,74
63,78
63,79
63,81
63,82
63,84
63,86
63,87
63,88
63,91
63,92
63,95
63,96
63,97
63,98
63,100
63,102
63,103
63,104
63,106
63,115
63,116
63,117
63,120
63,121
63,122
63,123
63,124
63,127
63,130
63,131
63,132
63,133
63,134
63,135
63,136
63,138
63,139
63,140
63,142
63,143
63,147
63,148
63,149
63,150
63,151
63,152
63,154
63,156
63,157
63,158
63,159
63,161
63,162
63,163
63,166
63,168
63,174
63,177
63,180
63,181
63,182
63,184
63,187
63,189
63,192
63,193
63,199
64,65
64,71
64,74
64,76
64,78
64,80
64,86
64,94
64,95
64,96
64,100
64,102
64,103
64,104
64,106
64,107
64,109
64,112
64,115
64,116
64,118
64,120
64,121
64,124
64,125
64,127
64,130
64,131
64,132
64,134
64,135
64,136
64,141
64,142
64,143
64,145
64,146
64,147
64,148
64,150
64,154
64,155
64,157
64,160
64,163
64,166
64,168
64,170
64,171
64,173
64,174
64,175
64,176
64,177
64,178
64,180
64,187
64,188
64,189
64,190
64,191
64,192
64,194
64,196
64,198
64,199
65,66
65,67
65,70
65,71
65,72
65,73
65,74
65,77
65,78
65,82
65,83
65,86
65,87
65,90
65,92
65,93
65,94
65,103
65,107
65,108
65,110
65,112
65,113
65,117
65,118
65,120
65,123
65,124
65,127
65,128
65,130
65,131
65,132
65,134
65,137
65,138
65,139
65,140
65,142
65,143
65,145
65,147
65,149
65,151
65,157
65,159
65,161
65,162
65,165
65,168
65,169
65,171
65,174
65,175
65,176
65,180
65,181
65,183
65,184
65,190
65,191
65,192
65,193
65,195
65,196
65,200
66,68
66,70
66,77
66,80
66,83
66,89
66,96
66,97
66,99
66,100
66,104
66,106
66,107
66,110
66,113
66,115
66,116
66,117
66,118
66,119
66,123
66,124
66,125
66,127
66,130
66,136
66,141
66,142
66,143
66,146
66,148
66,150
66,151
66,158
66,162
66,163
66,164
66,165
66,169
66,171
66,176
66,177
66,178
66,181
66,182
66,183
66,184
66,186
66,189
66,194
66,195
66,196
66,198
66,200
67,68
67,71
67,74
67,75
67,81
67,82
67,84
67,90
67,92
67,94
67,96
67,97
67,98
67,99
67,101
67,102
67,108
67,110
67,111
67,115
67,117
67,118
67,119
67,120
67,121
67,125
67,127
67,128
67,130
67,134
67,135
67,136
67,138
67,139
67,140
67,141
67,145
67,147
67,149
67,150
67,151
67,152
67,155
67,158
67,159
67,163
67,168
67,170
67,172
67,173
67,175
67,176
67,179
67,181
67,182
67,183
67,184
67,185
67,190
67,191
67,192
67,194
67,195
67,196
67,198
68,69
68,72
68,74
68,75
68,76
68,77
68,79
68,80
68,82
68,83
68,85
68,90
68,91
68,92
68,93
68,94
68,96
68,97
68,98
68,100
68,101
68,103
68,108
68,109
68,110
68,111
68,112
68,113
68,114
68,115
68,119
68,122
68,123
68,125
68,126
68,127
68,129
68,130
68,137
68,140
68,142
68,145
68,147
68,150
68,154
68,155
68,156
68,157
68,158
68,160
68,161
68,162
68,164
68,166
68,167
68,168
68,170
68,173
68,178
68,179
68,180
68,181
68,186
68,187
68,190
68,191
68,194
68,195
68,198
68,199
69,70
69,71
69,73
69,75
69,77
69,78
69,79
69,83
69,86
69,87
69,88
69,89
69,90
69,92
69,94
69,95
69,96
69,97
69,98
69,102
69,104
69,105
69,106
69,107
69,108
69,110
69,112
69,114
69,115
69,116
69,117
69,120
69,121
69,125
69,126
69,129
69,131
69,132
69,133
69,135
69,138
69,141
69,142
69,143
69,144
69,147
69,150
69,151
69,152
69,154
69,156
69,157
69,158
69,159
69,160
69,161
69,162
69,163
69,164
69,165
69,166
69,170
69,173
69,175
69,176
69,178
69,180
69,182
69,185
69,186
69,187
69,188
69,189
69,190
69,192
69,194
69,195
69,199
69,200
70,71
70,72
70,74
70,79
70,80
70,81
70,83
70,85
70,86
70,87
70,88
70,90
70,94
70,95
70,96
70,97
70,98
70,102
70,104
70,107
70,110
70,112
70,113
70,114
70,118
70,120
70,121
70,123
70,125
70,127
70,129
70,130
70,131
70,137
70,139
70,149
70,155
70,156
70,157
70,158
70,159
70,161
70,163
70,166
70,168
70,173
70,175
70,177
70,178
70,180
70,181
70,182
70,183
70,185
70,186
70,187
70,188
70,189
70,190
70,192
70,193
70,196
70,199
70,200
71,72
71,75
71,76
71,77
71,78
71,79
71,81
71,82
71,83
71,88
71,89
71,90
71,92
71,94
71,98
71,102
71,103
71,105
71,107
71,108
71,112
71,113
71,116
71,118
71,122
71,123
71,124
71,125
71,128
71,129
71,132
71,133
71,140
71,141
71,144
71,145
71,146
71,148
71,149
71,150
71,151
71,152
71,154
71,156
71,157
71,160
71,164
71,166
71,167
71,168
71,169
71,171
71,172
71,174
71,175
71,176
71,181
71,182
71,186
71,187
71,189
71,190
71,196
71,197
72,73
72,74
72,75
72,77
72,78
72,79
72,82
72,84
72,85
72,88
72,94
72,96
72,103
72,106
72,114
72,116
72,117
72,119
72,121
72,124
72,125
72,127
72,128
72,130
72,135
72,136
72,138
72,140
72,143
72,144
72,146
72,148
72,149
72,150
72,153
72,154
72,156
72,158
72,159
72,160
72,161
72,163
72,164
72,167
72,170
72,173
72,177
72,180
72,182
72,184
72,185
72,186
72,187
72,189
72,191
72,197
72,200
73,74
73,80
73,81
73,85
73,86
73,89
73,91
73,96
73,97
73,98
73,99
73,102
73,103
73,104
73,105
73,106
73,107
73,108
73,110
73,111
73,118
73,121
73,122
73,124
73,126
73,128
73,130
73,131
73,133
73,136
73,137
73,140
73,141
73,143
73,145
73,148
73,150
73,151
73,152
73,153
73,155
73,159
73,161
73,162
73,163
73,164
73,165
73,166
73,168
73,170
73,171
73,172
73,174
73,175
73,178
73,179
73,181
73,184
73,187
73,191
73,192
73,194
73,196
73,197
73,199
73,200
74,75
74,76
74,80
74,81
74,82
74,85
74,86
74,87
74,88
74,89
74,96
74,97
74,98
74,99
74,100
74,101
74,102
74,106
74,107
74,110
74,111
74,113
74,114
74,115
74,117
74,121
74,122
74,124
74,125
74,126
74,127
74,129
74,134
74,135
74,137
74,138
74,140
74,141
74,144
74,145
74,148
74,150
74,151
74,160
74,163
74,164
74,165
74,167
74,170
74,171
74,173
74,174
74,180
74,185
74,186
74,188
74,189
74,190
74,191
74,192
74,193
74,194
74,195
74,198
74,200
75,78
75,80
75,83
75,84
75,87
75,88
75,89
75,90
75,92
75,95
75,96
75,97
75,98
75,99
75,100
75,101
75,103
75,104
75,110
75,111
75,115
75,116
75,117
75,118
75,119
75,121
75,125
75,130
75,131
75,137
75,139
75,141
75,143
75,144
75,145
75,146
75,147
75,148
75,149
75,150
75,151
75,152
75,153
75,154
75,155
75,157
75,158
75,160
75,161
75,164
75,166
75,169
75,173
75,174
75,176
75,180
75,181
75,183
75,184
75,185
75,187
75,188
75,190
75,191
75,193
75,194
75,195
75,197
75,200
76,77
76,78
76,80
76,82
76,83
76,85
76,86
76,88
76,89
76,91
76,92
76,93
76,95
76,96
76,98
76,101
76,103
76,104
76,106
76,108
76,109
76,112
76,115
76,116
76,121
76,122
76,123
76,124
76,125
76,127
76,130
76,132
76,134
76,135
76,136
76,137
76,139
76,141
76,142
76,143
76,145
76,146
76,148
76,151
76,152
76,156
76,159
76,161
76,163
76,164
76,166
76,167
76,168
76,170
76,171
76,172
76,173
76,176
76,178
76,181
76,182
76,183
76,185
76,186
76,187
76,189
76,191
76,192
76,196
76,199
76,200
77,80
77,81
77,84
77,85
77,88
77,89
77,93
77,95
77,97
77,99
77,100
77,101
77,102
77,103
77,109
77,111
77,113
77,115
77,119
77,120
77,122
77,123
77,124
77,125
77,126
77,129
77,130
77,131
77,134
77,135
77,136
77,137
77,138
77,141
77,142
77,146
77,147
77,148
77,152
77,154
77,158
77,161
77,165
77,171
77,172
77,173
77,176
77,178
77,180
77,181
77,185
77,186
77,188
77,194
77,197
78,80
78,81
78,82
78,83
78,84
78,86
78,88
78,92
78,93
78,94
78,95
78,96
78,99
78,100
78,106
78,107
78,108
78,109
78,112
78,114
78,117
78,122
78,126
78,129
78,131
78,134
78,137
78,140
78,142
78,145
78,146
78,147
78,149
78,151
78,152
78,154
78,158
78,163
78,168
78,169
78,170
78,172
78,175
78,176
78,178
78,179
78,181
78,182
78,185
78,187
78,189
78,190
78,192
78,195
78,196
78,198
78,199
79,81
79,82
79,83
79,86
79,87
79,89
79,91
79,98
79,100
79,101
79,102
79,103
79,105
79,110
79,112
79,118
79,119
79,120
79,121
79,125
79,126
79,131
79,137
79,140
79,141
79,142
79,143
79,145
79,146
79,147
79,149
79,151
79,155
79,156
79,159
79,160
79,161
79,163
79,168
79,169
79,176
79,178
79,183
79,185
79,187
79,190
79,191
79,192
79,196
79,197
79,198
80,86
80,88
80,89
80,97
80,99
80,104
80,107
80,109
80,110
80,111
80,112
80,116
80,117
80,119
80,121
80,122
80,123
80,126
80,127
80,130
80,131
80,134
80,135
80,136
80,139
80,140
80,142
80,145
80,146
80,147
80,148
80,149
80,152
80,154
80,155
80,159
80,161
80,163
80,164
80,170
80,174
80,178
80,179
80,180
80,181
80,182
80,184
80,186
80,187
80,188
80,190
80,193
80,194
80,195
80,196
80,197
80,200
81,82
81,84
81,85
81,87
81,90
81,92
81,93
81,94
81,95
81,96
81,97
81,98
81,99
81,101
81,102
81,103
81,108
81,112
81,114
81,115
81,118
81,120
81,121
81,123
81,126
81,129
81,132
81,136
81,137
81,138
81,143
81,144
81,145
81,147
81,154
81,155
81,157
81,158
81,159
81,163
81,166
81,167
81,170
81,172
81,175
81,177
81,178
81,179
81,180
81,181
81,182
81,187
81,189
81,190
81,191
81,193
81,198
81,199
81,200
82,83
82,86
82,90
82,91
82,96
82,97
82,100
82,101
82,102
82,104
82,105
82,110
82,111
82,112
82,113
82,115
82,116
82,119
82,120
82,124
82,126
82,129
82,133
82,135
82,137
82,142
82,143
82,144
82,146
82,147
82,149
82,150
82,151
82,154
82,156
82,158
82,159
82,160
82,162
82,163
82,165
82,166
82,167
82,168
82,170
82,172
82,173
82,174
82,175
82,176
82,178
82,180
82,188
82,189
82,193
82,194
82,195
82,196
82,199
82,200
83,84
83,85
83,86
83,89
83,93
83,94
83,96
83,100
83,101
83,103
83,104
83,105
83,112
83,113
83,116
83,117
83,118
83,120
83,121
83,122
83,124
83,127
83,129
83,130
83,131
83,133
83,134
83,135
83,138
83,139
83,142
83,143
83,147
83,150
83,153
83,154
83,155
83,156
83,159
83,162
83,163
83,173
83,177
83,178
83,181
83,182
83,184
83,187
83,188
83,189
83,190
83,192
83,197
84,86
84,94
84,95
84,96
84,97
84,98
84,99
84,100
84,103
84,104
84,106
84,108
84,109
84,110
84,113
84,114
84,115
84,116
84,117
84,118
84,120
84,123
84,125
84,127
84,128
84,130
84,136
84,140
84,141
84,144
84,145
84,147
84,150
84,152
84,153
84,155
84,158
84,159
84,161
84,162
84,163
84,166
84,171
84,173
84,174
84,177
84,179
84,182
84,183
84,185
84,186
84,188
84,189
84,190
84,195
84,196
84,198
85,89
85,91
85,92
85,95
85,97
85,100
85,101
85,103
85,104
85,106
85,109
85,110
85,111
85,115
85,116
85,119
85,123
85,124
85,126
85,128
85,133
85,134
85,135
85,137
85,139
85,142
85,146
85,147
85,149
85,150
85,152
85,153
85,155
85,159
85,160
85,164
85,165
85,167
85,169
85,171
85,172
85,174
85,178
85,180
85,181
85,182
85,186
85,188
85,192
85,195
85,196
85,198
86,87
86,89
86,90
86,91
86,93
86,95
86,97
86,99
86,101
86,102
86,104
86,105
86,109
86,112
86,113
86,114
86,115
86,116
86,118
86,119
86,122
86,130
86,132
86,133
86,135
86,138
86,139
86,140
86,142
86,145
86,146
86,148
86,150
86,151
86,152
86,153
86,158
86,160
86,161
86,164
86,165
86,167
86,169
86,170
86,171
86,173
86,174
86,176
86,177
86,178
86,179
86,180
86,181
86,182
86,188
86,190
86,192
86,193
86,194
86,195
86,197
86,200
87,88
87,90
87,91
87,94
87,98
87,99
87,100
87,103
87,104
87,111
87,113
87,114
87,116
87,118
87,121
87,125
87,127
87,128
87,129
87,132
87,133
87,134
87,135
87,137
87,142
87,146
87,147
87,148
87,149
87,154
87,157
87,158
87,161
87,162
87,163
87,164
87,166
87,172
87,173
87,174
87,175
87,177
87,179
87,181
87,186
87,188
87,190
87,191
87,192
87,193
87,194
87,195
87,196
87,199
88,89
88,91
88,95
88,98
88,101
88,105
88,107
88,110
88,111
88,112
88,113
88,114
88,115
88,116
88,117
88,118
88,119
88,120
88,121
88,124
88,126
88,127
88,130
88,134
88,137
88,142
88,144
88,146
88,147
88,149
88,150
88,151
88,153
88,157
88,159
88,161
88,162
88,166
88,167
88,168
88,172
88,177
88,179
88,180
88,181
88,182
88,186
88,188
88,190
88,192
88,193
88,194
88,195
88,198
89,92
89,96
89,97
89,98
89,101
89,102
89,103
89,104
89,108
89,109
89,110
89,111
89,112
89,113
89,115
89,116
89,118
89,119
89,120
89,121
89,125
89,126
89,130
89,132
89,133
89,139
89,140
89,148
89,150
89,153
89,154
89,161
89,163
89,165
89,167
89,168
89,175
89,177
89,180
89,186
89,188
89,192
89,194
89,195
89,198
89,199
89,200
90,92
90,93
90,97
90,100
90,102
90,103
90,104
90,106
90,110
90,111
90,112
90,114
90,115
90,117
90,122
90,124
90,125
90,126
90,131
90,133
90,134
90,137
90,138
90,140
90,143
90,144
90,145
90,146
90,150
90,154
90,156
90,158
90,159
90,164
90,168
90,171
90,173
90,181
90,182
90,184
90,186
90,187
90,190
90,194
90,195
90,197
90,198
90,200
91,93
91,94
91,95
91,96
91,97
91,100
91,102
91,103
91,105
91,108
91,110
91,114
91,115
91,116
91,117
91,118
91,120
91,121
91,127
91,128
91,129
91,130
91,131
91,133
91,134
91,137
91,139
91,140
91,144
91,145
91,146
91,148
91,150
91,152
91,154
91,155
91,157
91,158
91,160
91,161
91,166
91,167
91,169
91,171
91,173
91,174
91,175
91,177
91,178
91,180
91,186
91,188
91,189
91,190
91,191
91,192
91,193
91,198
92,93
92,94
92,97
92,101
92,102
92,105
92,106
92,107
92,108
92,110
92,112
92,114
92,115
92,116
92,120
92,123
92,124
92,126
92,127
92,128
92,129
92,133
92,134
92,137
92,140
92,141
92,142
92,143
92,144
92,145
92,147
92,150
92,151
92,155
92,156
92,157
92,158
92,160
92,162
92,163
92,165
92,167
92,168
92,170
92,172
92,173
92,176
92,178
92,182
92,183
92,184
92,186
92,187
92,188
92,190
92,192
92,194
92,196
92,197
92,198
93,96
93,98
93,100
93,102
93,104
93,105
93,110
93,111
93,112
93,114
93,117
93,118
93,119
93,123
93,124
93,126
93,129
93,130
93,134
93,135
93,137
93,138
93,139
93,141
93,144
93,146
93,147
93,152
93,157
93,161
93,163
93,170
93,171
93,172
93,176
93,177
93,179
93,182
93,184
93,185
93,187
93,188
93,190
93,191
93,195
94,96
94,98
94,100
94,104
94,105
94,108
94,110
94,111
94,113
94,115
94,116
94,117
94,118
94,119
94,120
94,121
94,122
94,124
94,126
94,129
94,131
94,132
94,133
94,134
94,135
94,136
94,138
94,139
94,140
94,142
94,143
94,144
94,146
94,150
94,151
94,153
94,155
94,156
94,158
94,160
94,162
94,163
94,164
94,168
94,170
94,174
94,175
94,177
94,178
94,181
94,182
94,183
94,184
94,186
94,189
94,190
94,191
94,192
94,193
94,195
94,196
94,197
94,198
94,199
94,200
95,96
95,100
95,102
95,104
95,105
95,106
95,108
95,109
95,110
95,111
95,118
95,120
95,121
95,123
95,125
95,126
95,130
95,132
95,133
95,134
95,135
95,144
95,145
95,149
95,150
95,152
95,154
95,155
95,160
95,165
95,166
95,168
95,169
95,171
95,174
95,176
95,177
95,178
95,182
95,185
95,186
95,194
95,199
95,200
96,97
96,98
96,104
96,106
96,107
96,108
96,109
96,112
96,114
96,115
96,118
96,119
96,123
96,124
96,127
96,130
96,131
96,132
96,134
96,137
96,138
96,142
96,146
96,148
96,149
96,151
96,152
96,153
96,154
96,155
96,156
96,157
96,158
96,164
96,169
96,170
96,171
96,172
96,177
96,179
96,180
96,181
96,182
96,184
96,185
96,186
96,188
96,189
96,190
96,191
96,192
96,193
96,194
96,196
96,197
96,198
96,199
97,98
97,102
97,103
97,105
97,108
97,109
97,111
97,112
97,114
97,118
97,119
97,123
97,124
97,126
97,127
97,128
97,129
97,131
97,133
97,135
97,136
97,137
97,140
97,141
97,145
97,146
97,147
97,148
97,150
97,151
97,152
97,154
97,156
97,157
97,158
97,160
97,163
97,164
97,168
97,172
97,174
97,176
97,177
97,180
97,184
97,185
97,186
97,187
97,189
97,193
97,194
97,195
97,196
97,199
98,101
98,104
98,105
98,107
98,108
98,110
98,111
98,119
98,120
98,123
98,124
98,126
98,129
98,130
98,132
98,133
98,134
98,135
98,137
98,139
98,140
98,142
98,143
98,145
98,146
98,147
98,148
98,149
98,150
98,152
98,155
98,157
98,158
98,163
98,164
98,166
98,167
98,168
98,169
98,173
98,174
98,175
98,179
98,182
98,183
98,186
98,187
98,188
98,189
98,190
98,191
98,192
98,194
98,195
98,198
99,103
99,106
99,107
99,108
99,113
99,114
99,118
99,120
99,121
99,122
99,124
99,126
99,128
99,131
99,133
99,138
99,143
99,145
99,152
99,155
99,156
99,157
99,160
99,161
99,164
99,165
99,167
99,170
99,171
99,180
99,181
99,184
99,186
99,188
99,190
99,195
99,197
99,199
99,200
100,101
100,103
100,108
100,109
100,110
100,111
100,114
100,116
100,118
100,120
100,123
100,124
100,127
100,129
100,133
100,134
100,135
100,136
100,137
100,142
100,144
100,146
100,148
100,149
100,150
100,151
100,154
100,156
100,157
100,162
100,163
100,166
100,167
100,169
100,170
100,172
100,173
100,176
100,177
100,183
100,184
100,185
100,187
100,188
100,189
100,190
100,193
100,194
100,195
100,196
100,197
100,199
100,200
101,104
101,105
101,106
101,107
101,113
101,114
101,116
101,123
101,130
101,134
101,135
101,138
101,141
101,145
101,146
101,150
101,154
101,156
101,157
101,159
101,161
101,163
101,164
101,166
101,168
101,171
101,172
101,174
101,175
101,178
101,181
101,182
101,183
101,188
101,189
101,191
101,192
101,193
101,194
101,195
101,196
102,111
102,116
102,117
102,118
102,121
102,125
102,127
102,128
102,129
102,131
102,132
102,135
102,136
102,138
102,139
102,140
102,142
102,144
102,145
102,146
102,151
102,152
102,155
102,158
102,159
102,160
102,161
102,164
102,166
102,168
102,169
102,171
102,172
102,174
102,176
102,177
102,180
102,181
102,185
102,188
102,189
102,190
102,191
102,192
102,195
102,197
102,200
103,104
103,105
103,107
103,109
103,110
103,111
103,113
103,114
103,116
103,117
103,118
103,119
103,120
103,123
103,124
103,126
103,130
103,131
103,132
103,133
103,135
103,136
103,137
103,139
103,140
103,144
103,148
103,149
103,151
103,152
103,155
103,158
103,160
103,164
103,166
103,168
103,171
103,173
103,175
103,176
103,183
103,185
103,186
103,187
103,188
103,190
103,191
103,192
103,193
103,199
104,105
104,108
104,109
104,111
104,113
104,114
104,115
104,117
104,118
104,120
104,122
104,129
104,130
104,131
104,132
104,133
104,135
104,136
104,137
104,138
104,140
104,141
104,146
104,147
104,148
104,149
104,150
104,151
104,154
104,156
104,157
104,159
104,161
104,162
104,163
104,166
104,168
104,169
104,170
104,172
104,173
104,174
104,175
104,176
104,177
104,178
104,179
104,182
104,183
104,185
104,189
104,191
104,192
104,193
104,194
104,196
104,197
104,199
104,200
105,106
105,108
105,111
105,114
105,117
105,118
105,122
105,123
105,124
105,125
105,128
105,129
105,131
105,132
105,133
105,136
105,138
105,139
105,140
105,141
105,143
105,147
105,149
105,151
105,153
105,156
105,160
105,169
105,171
105,172
105,174
105,177
105,178
105,179
105,181
105,183
105,184
105,186
105,188
105,189
105,190
105,192
105,193
105,194
105,195
105,197
105,198
105,199
105,200
106,107
106,108
106,112
106,113
106,114
106,115
106,118
106,121
106,124
106,125
106,126
106,127
106,129
106,130
106,131
106,133
106,137
106,140
106,142
106,143
106,145
106,152
106,155
106,158
106,159
106,160
106,165
106,166
106,167
106,169
106,172
106,174
106,175
106,176
106,179
106,180
106,183
106,187
106,188
106,189
106,190
106,191
106,192
106,193
106,194
106,198
107,108
107,110
107,111
107,112
107,113
107,114
107,116
107,117
107,123
107,130
107,131
107,132
107,133
107,135
107,138
107,140
107,143
107,145
107,146
107,147
107,149
107,150
107,151
107,152
107,154
107,155
107,156
107,157
107,159
107,160
107,161
107,162
107,166
107,169
107,171
107,174
107,175
107,176
107,177
107,179
107,180
107,182
107,186
107,187
107,189
107,192
107,193
107,194
107,195
107,197
107,198
107,199
107,200
108,109
108,110
108,115
108,119
108,120
108,122
108,125
108,128
108,129
108,131
108,132
108,135
108,137
108,138
108,140
108,141
108,142
108,152
108,154
108,155
108,156
108,159
108,160
108,161
108,164
108,165
108,169
108,170
108,172
108,173
108,175
108,179
108,180
108,183
108,184
108,185
108,189
108,191
108,193
108,197
108,199
108,200
109,111
109,112
109,121
109,123
109,125
109,126
109,128
109,129
109,130
109,132
109,133
109,135
109,138
109,141
109,142
109,144
109,146
109,150
109,152
109,153
109,154
109,155
109,157
109,161
109,162
109,163
109,169
109,170
109,172
109,174
109,175
109,177
109,178
109,179
109,180
109,184
109,185
109,186
109,188
109,189
109,190
109,192
109,193
109,195
109,196
109,197
109,198
109,199
109,200
110,113
110,114
110,117
110,118
110,122
110,125
110,127
110,130
110,132
110,134
110,135
110,137
110,138
110,139
110,142
110,143
110,147
110,149
110,150
110,152
110,153
110,155
110,156
110,157
110,158
110,159
110,160
110,162
110,163
110,165
110,170
110,171
110,172
110,173
110,175
110,178
110,180
110,182
110,183
110,185
110,188
110,193
110,194
110,199
111,113
111,118
111,120
111,123
111,125
111,126
111,127
111,128
111,129
111,130
111,131
111,132
111,133
111,138
111,140
111,142
111,143
111,146
111,147
111,149
111,151
111,158
111,161
111,166
111,167
111,170
111,173
111,175
111,176
111,178
111,183
111,184
111,186
111,187
111,192
111,195
111,197
111,200
112,114
112,115
112,118
112,119
112,122
112,123
112,124
112,128
112,130
112,133
112,134
112,140
112,142
112,146
112,147
112,151
112,152
112,154
112,156
112,158
112,159
112,161
112,164
112,166
112,167
112,169
112,172
112,175
112,177
112,178
112,179
112,180
112,182
112,183
112,185
112,186
112,188
112,192
112,194
112,195
112,196
112,198
113,114
113,115
113,118
113,119
113,120
113,122
113,124
113,125
113,126
113,127
113,129
113,130
113,131
113,133
113,134
113,135
113,138
113,139
113,140
113,141
113,142
113,143
113,144
113,146
113,149
113,150
113,151
113,152
113,153
113,155
113,156
113,158
113,160
113,162
113,163
113,164
113,165
113,167
113,168
113,169
113,170
113,171
113,173
113,178
113,181
113,182
113,187
113,193
113,196
113,197
113,198
113,199
113,200
114,115
114,116
114,117
114,118
114,122
114,124
114,129
114,131
114,132
114,136
114,138
114,140
114,141
114,142
114,143
114,146
114,147
114,149
114,155
114,156
114,157
114,158
114,159
114,162
114,164
114,167
114,169
114,171
114,172
114,174
114,175
114,177
114,178
114,180
114,181
114,185
114,188
114,190
114,191
114,193
114,195
114,196
114,198
114,199
115,118
115,119
115,122
115,124
115,126
115,128
115,129
115,131
115,135
115,136
115,138
115,140
115,141
115,143
115,144
115,146
115,148
115,149
115,150
115,151
115,152
115,153
115,156
115,157
115,159
115,162
115,164
115,167
115,168
115,169
115,170
115,171
115,174
115,178
115,182
115,186
115,188
115,189
115,190
115,191
115,192
115,193
115,194
115,195
115,196
115,198
115,200
116,117
116,122
116,123
116,127
116,128
116,129
116,130
116,131
116,132
116,136
116,141
116,142
116,143
116,145
116,148
116,149
116,150
116,151
116,152
116,157
116,159
116,160
116,161
116,164
116,165
116,166
116,169
116,170
116,171
116,175
116,176
116,177
116,184
116,188
116,190
116,192
116,193
116,194
116,195
116,198
116,199
117,120
117,121
117,126
117,127
117,129
117,134
117,135
117,137
117,138
117,141
117,143
117,145
117,147
117,151
117,152
117,156
117,158
117,159
117,160
117,161
117,164
117,166
117,167
117,169
117,170
117,171
117,172
117,177
117,178
117,179
117,180
117,183
117,184
117,185
117,186
117,187
117,188
117,190
117,192
117,193
117,194
117,197
117,199
117,200
118,120
118,121
118,122
118,123
118,124
118,125
118,130
118,133
118,134
118,136
118,137
118,141
118,144
118,145
118,147
118,149
118,154
118,159
118,161
118,162
118,163
118,165
118,166
118,167
118,172
118,176
118,178
118,179
118,180
118,181
118,183
118,185
118,186
118,188
118,190
118,191
118,193
118,195
118,196
118,200
119,120
119,121
119,122
119,125
119,129
119,132
119,133
119,136
119,139
119,141
119,142
119,143
119,144
119,145
119,147
119,149
119,150
119,151
119,152
119,154
119,159
119,161
119,162
119,163
119,164
119,165
119,166
119,167
119,168
119,169
119,170
119,178
119,179
119,180
119,183
119,184
119,185
119,186
119,189
119,190
119,192
119,194
119,195
119,197
119,198
120,123
120,126
120,131
120,133
120,134
120,136
120,141
120,142
120,144
120,147
120,148
120,149
120,150
120,156
120,157
120,161
120,164
120,165
120,166
120,167
120,168
120,169
120,171
120,172
120,173
120,174
120,178
120,179
120,180
120,182
120,186
120,187
120,188
120,190
120,192
120,193
120,194
120,195
120,196
120,197
120,198
120,199
120,200
121,125
121,128
121,129
121,131
121,132
121,133
121,134
121,135
121,138
121,139
121,143
121,144
121,149
121,150
121,151
121,153
121,155
121,156
121,159
121,161
121,163
121,165
121,166
121,168
121,169
121,174
121,175
121,177
121,178
121,179
121,180
121,182
121,183
121,184
121,185
121,186
121,188
121,189
121,190
121,191
121,192
121,193
121,194
121,195
121,196
121,199
122,123
122,126
122,128
122,131
122,132
122,134
122,135
122,136
122,137
122,138
122,140
122,141
122,142
122,143
122,144
122,149
122,150
122,151
122,153
122,154
122,155
122,156
122,159
122,161
122,162
122,163
122,168
122,169
122,170
122,171
122,172
122,173
122,174
122,177
122,178
122,179
122,180
122,182
122,183
122,185
122,189
122,190
122,192
122,194
122,197
122,200
123,124
123,126
123,127
123,129
123,131
123,137
123,139
123,140
123,142
123,145
123,146
123,147
123,149
123,152
123,153
123,154
123,155
123,156
123,157
123,160
123,161
123,167
123,168
123,170
123,171
123,173
123,174
123,175
123,177
123,178
123,179
123,180
123,183
123,185
123,187
123,188
123,189
123,190
123,191
123,193
123,194
123,195
123,197
123,198
123,199
124,125
124,129
124,132
124,134
124,139
124,143
124,145
124,147
124,148
124,149
124,151
124,155
124,156
124,157
124,158
124,159
124,161
124,162
124,166
124,167
124,169
124,170
124,173
124,176
124,177
124,178
124,180
124,182
124,186
124,188
124,191
124,193
124,194
124,195
124,198
124,199
125,127
125,128
125,131
125,133
125,134
125,139
125,141
125,142
125,145
125,147
125,148
125,153
125,154
125,155
125,156
125,159
125,161
125,164
125,165
125,166
125,171
125,172
125,175
125,176
125,181
125,183
125,184
125,187
125,189
125,192
125,193
125,194
125,195
125,196
125,198
126,127
126,129
126,130
126,134
126,136
126,137
126,138
126,140
126,141
126,142
126,144
126,145
126,146
126,147
126,148
126,149
126,151
126,152
126,153
126,154
126,155
126,161
126,163
126,165
126,166
126,168
126,172
126,178
126,180
126,181
126,184
126,187
126,188
126,190
126,193
126,194
126,196
126,200
127,131
127,132
127,135
127,136
127,137
127,139
127,141
127,143
127,144
127,145
127,149
127,150
127,152
127,153
127,154
127,156
127,158
127,159
127,160
127,162
127,163
127,164
127,170
127,171
127,172
127,175
127,176
127,177
127,178
127,180
127,181
127,182
127,186
127,188
127,191
127,195
127,198
127,199
127,200
128,129
128,131
128,132
128,136
128,137
128,139
128,140
128,142
128,145
128,148
128,150
128,151
128,156
128,157
128,158
128,160
128,161
128,162
128,163
128,164
128,165
128,167
128,168
128,169
128,171
128,172
128,173
128,174
128,175
128,176
128,178
128,179
128,180
128,181
128,182
128,185
128,187
128,189
128,191
128,192
128,193
128,195
128,196
129,133
129,134
129,135
129,136
129,138
129,139
129,142
129,144
129,145
129,150
129,153
129,154
129,157
129,161
129,162
129,163
129,165
129,166
129,169
129,171
129,172
129,173
129,174
129,175
129,176
129,177
129,178
129,179
129,180
129,184
129,187
129,190
129,191
129,199
130,131
130,133
130,134
130,135
130,136
130,138
130,140
130,146
130,150
130,154
130,155
130,156
130,157
130,158
130,160
130,161
130,162
130,163
130,169
130,170
130,172
130,176
130,177
130,180
130,182
130,187
130,188
130,189
130,195
130,200
131,132
131,133
131,134
131,135
131,137
131,140
131,141
131,142
131,143
131,146
131,147
131,151
131,152
131,157
131,158
131,159
131,163
131,164
131,165
131,171
131,172
131,173
131,174
131,175
131,177
131,178
131,179
131,182
131,184
131,187
131,190
131,195
131,197
131,200
132,133
132,134
132,136
132,137
132,140
132,143
132,144
132,146
132,147
132,148
132,149
132,151
132,152
132,157
132,160
132,162
132,163
132,164
132,165
132,166
132,172
132,173
132,174
132,175
132,177
132,179
132,180
132,183
132,187
132,192
132,196
132,198
132,199
133,134
133,135
133,136
133,138
133,139
133,140
133,142
133,144
133,145
133,146
133,147
133,148
133,149
133,152
133,153
133,154
133,156
133,159
133,162
133,163
133,164
133,165
133,167
133,168
133,169
133,170
133,171
133,175
133,178
133,179
133,181
133,183
133,185
133,186
133,187
133,192
133,193
133,194
133,195
133,197
133,199
133,200
134,135
134,136
134,139
134,142
134,143
134,144
134,147
134,148
134,149
134,150
134,151
134,152
134,154
134,155
134,156
134,157
134,160
134,162
134,163
134,165
134,166
134,169
134,171
134,172
134,176
134,177
134,178
134,180
134,181
134,183
134,184
134,185
134,187
134,189
134,190
134,194
134,196
134,197
134,199
134,200
135,136
135,139
135,141
135,142
135,143
135,146
135,147
135,148
135,149
135,153
135,155
135,157
135,159
135,162
135,163
135,165
135,166
135,167
135,171
135,172
135,174
135,175
135,176
135,178
135,179
135,182
135,183
135,185
135,189
135,190
135,191
135,192
135,196
135,198
135,200
136,137
136,138
136,139
136,141
136,143
136,144
136,145
136,148
136,150
136,153
136,154
136,155
136,159
136,160
136,161
136,162
136,163
136,166
136,169
136,171
136,172
136,173
136,175
136,176
136,181
136,182
136,183
136,184
136,185
136,186
136,188
136,189
136,190
136,191
136,192
136,193
136,194
136,195
136,196
136,198
137,138
137,140
137,142
137,143
137,145
137,146
137,147
137,148
137,149
137,150
137,151
137,152
137,153
137,156
137,157
137,158
137,162
137,164
137,165
137,166
137,167
137,169
137,170
137,172
137,173
137,177
137,178
137,179
137,181
137,183
137,186
137,189
137,192
137,195
137,199
138,139
138,141
138,143
138,144
138,148
138,149
138,151
138,152
138,153
138,156
138,159
138,161
138,163
138,164
138,165
138,166
138,167
138,170
138,172
138,173
138,175
138,177
138,178
138,180
138,183
138,185
138,188
138,193
138,196
138,200
139,141
139,144
139,147
139,149
139,150
139,151
139,153
139,154
139,157
139,158
139,161
139,165
139,167
139,168
139,170
139,171
139,172
139,174
139,175
139,176
139,178
139,179
139,182
139,183
139,185
139,186
139,187
139,188
139,190
139,191
139,192
139,193
139,194
139,195
139,196
139,199
140,142
140,143
140,145
140,147
140,151
140,152
140,153
140,154
140,155
140,158
140,162
140,163
140,169
140,170
140,171
140,172
140,178
140,183
140,185
140,186
140,187
140,188
140,189
140,190
140,192
140,196
140,199
141,142
141,143
141,144
141,147
141,151
141,153
141,154
141,156
141,158
141,159
141,164
141,170
141,171
141,175
141,177
141,178
141,179
141,180
141,182
141,183
141,186
141,188
141,189
141,190
141,192
141,194
141,195
141,196
141,197
141,199
141,200
142,147
142,148
142,150
142,151
142,152
142,154
142,155
142,156
142,157
142,161
142,163
142,164
142,165
142,166
142,170
142,172
142,173
142,174
142,177
142,180
142,184
142,185
142,187
142,188
142,190
142,192
142,193
142,194
142,195
142,196
143,147
143,148
143,151
143,153
143,154
143,155
143,156
143,157
143,158
143,159
143,162
143,166
143,169
143,172
143,173
143,175
143,177
143,179
143,181
143,186
143,187
143,190
143,192
143,194
143,195
143,196
143,198
143,200
144,150
144,151
144,153
144,157
144,158
144,159
144,160
144,166
144,168
144,169
144,171
144,173
144,174
144,176
144,180
144,184
144,185
144,186
144,187
144,188
144,189
144,190
144,192
144,193
144,194
144,196
144,197
144,198
144,199
145,149
145,150
145,151
145,152
145,155
145,157
145,163
145,164
145,165
145,166
145,168
145,173
145,175
145,181
145,185
145,186
145,187
145,189
145,191
145,192
145,194
145,195
145,196
145,197
145,198
145,199
146,148
146,150
146,153
146,154
146,155
146,159
146,161
146,165
146,166
146,167
146,169
146,170
146,172
146,173
146,175
146,176
146,178
146,179
146,180
146,181
146,182
146,183
146,184
146,185
146,186
146,187
146,191
146,192
146,193
146,196
146,198
146,200
147,148
147,149
147,152
147,154
147,155
147,157
147,158
147,159
147,162
147,164
147,165
147,166
147,167
147,168
147,172
147,175
147,177
147,178
147,179
147,181
147,185
147,186
147,188
147,190
147,194
147,196
147,197
147,198
147,199
147,200
148,149
148,156
148,157
148,162
148,163
148,168
148,171
148,175
148,177
148,179
148,181
148,187
148,189
148,190
148,191
148,196
148,198
148,199
148,200
149,150
149,154
149,155
149,156
149,157
149,160
149,163
149,165
149,166
149,167
149,173
149,174
149,179
149,181
149,185
149,186
149,189
149,191
149,192
149,193
149,196
149,197
149,199
149,200
150,151
150,155
150,158
150,159
150,163
150,166
150,168
150,169
150,171
150,172
150,173
150,174
150,175
150,177
150,179
150,183
150,184
150,185
150,186
150,187
150,188
150,191
150,194
150,195
150,196
150,198
150,200
151,154
151,157
151,158
151,162
151,165
151,168
151,169
151,170
151,172
151,173
151,174
151,175
151,177
151,178
151,180
151,181
151,182
151,183
151,184
151,185
151,186
151,187
151,194
151,196
151,199
151,200
152,153
152,154
152,155
152,160
152,161
152,162
152,164
152,165
152,166
152,167
152,169
152,170
152,171
152,173
152,175
152,180
152,184
152,185
152,186
152,187
152,191
152,192
152,193
152,198
152,199
153,155
153,158
153,159
153,162
153,163
153,167
153,168
153,171
153,172
153,175
153,176
153,178
153,179
153,180
153,181
153,182
153,183
153,184
153,185
153,186
153,187
153,189
153,191
153,192
153,193
153,194
153,197
153,198
154,155
154,158
154,159
154,162
154,163
154,165
154,166
154,167
154,168
154,169
154,170
154,175
154,178
154,180
154,183
154,184
154,185
154,186
154,187
154,188
154,190
154,191
154,193
154,194
154,197
154,198
155,156
155,157
155,159
155,161
155,162
155,163
155,165
155,167
155,170
155,175
155,177
155,178
155,179
155,181
155,183
155,184
155,185
155,186
155,188
155,189
155,190
155,192
155,193
155,196
155,200
156,157
156,158
156,164
156,165
156,168
156,169
156,171
156,178
156,179
156,180
156,181
156,183
156,184
156,190
156,195
156,196
156,197
156,198
156,200
157,160
157,162
157,164
157,165
157,166
157,168
157,170
157,171
157,173
157,177
157,184
157,188
157,193
157,194
157,197
158,161
158,162
158,165
158,167
158,168
158,170
158,171
158,172
158,173
158,179
158,181
158,183
158,185
158,186
158,188
158,189
158,191
158,192
158,195
158,199
159,161
159,163
159,166
159,167
159,168
159,169
159,170
159,173
159,177
159,182
159,183
159,190
159,194
159,195
159,198
159,199
159,200
160,161
160,165
160,166
160,167
160,169
160,170
160,172
160,175
160,177
160,180
160,181
160,182
160,183
160,184
160,185
160,186
160,187
160,188
160,189
160,190
160,193
160,195
160,197
160,198
160,199
161,163
161,164
161,166
161,168
161,170
161,171
161,178
161,179
161,180
161,181
161,183
161,184
161,186
161,187
161,189
161,192
161,193
161,196
161,197
161,198
161,199
161,200
162,163
162,164
162,167
162,169
162,170
162,173
162,177
162,179
162,181
162,184
162,186
162,187
162,190
162,191
162,192
162,194
162,195
162,197
162,198
162,199
163,164
163,165
163,166
163,169
163,170
163,171
163,172
163,173
163,174
163,176
163,178
163,179
163,180
163,182
163,185
163,188
163,189
163,190
163,192
163,195
163,196
163,197
163,198
163,200
164,165
164,166
164,173
164,175
164,177
164,179
164,180
164,181
164,185
164,186
164,190
164,191
164,193
164,194
164,196
164,197
164,200
165,168
165,170
165,173
165,174
165,185
165,186
165,187
165,190
165,191
165,192
165,193
165,194
165,198
166,168
166,173
166,177
166,178
166,179
166,180
166,182
166,187
166,190
166,191
166,192
166,193
166,194
166,195
166,197
166,198
167,171
167,176
167,179
167,180
167,181
167,183
167,184
167,185
167,186
167,188
167,190
167,191
167,192
167,193
167,194
168,170
168,172
168,174
168,175
168,177
168,179
168,184
168,186
168,188
168,189
168,193
168,195
168,197
168,198
169,170
169,171
169,172
169,173
169,175
169,177
169,178
169,180
169,181
169,182
169,183
169,187
169,188
169,192
169,193
169,194
169,196
169,199
169,200
170,172
170,174
170,175
170,176
170,177
170,179
170,182
170,183
170,184
170,185
170,188
170,189
170,193
170,194
170,196
170,197
170,199
171,174
171,175
171,176
171,177
171,178
171,179
171,182
171,183
171,184
171,185
171,187
171,189
171,190
171,193
171,194
171,196
171,198
171,199
171,200
172,176
172,181
172,184
172,185
172,189
172,192
172,193
172,197
172,198
172,200
173,174
173,175
173,177
173,178
173,180
173,181
173,184
173,185
173,186
173,187
173,188
173,189
173,191
173,192
173,196
173,198
173,199
174,176
174,177
174,178
174,179
174,180
174,181
174,182
174,184
174,188
174,189
174,190
174,192
174,196
174,197
174,198
175,176
175,177
175,178
175,183
175,186
175,187
175,190
175,192
175,193
175,198
176,177
176,178
176,180
176,181
176,182
176,183
176,186
176,187
176,191
176,192
176,195
176,196
176,197
176,198
176,199
177,178
177,179
177,180
177,184
177,186
177,187
177,189
177,190
177,198
177,200
178,179
178,180
178,181
178,184
178,185
178,186
178,191
178,193
178,195
178,196
178,198
178,199
178,200
179,180
179,182
179,184
179,186
179,187
179,190
179,191
179,193
179,194
179,196
179,197
180,182
180,185
180,186
180,187
180,189
180,190
180,191
180,192
180,193
180,194
180,200
181,184
181,185
181,186
181,187
181,190
181,191
181,192
181,193
181,194
181,199
181,200
182,184
182,185
182,187
182,188
182,193
182,195
182,199
182,200
183,184
183,186
183,188
183,189
183,191
183,193
183,194
183,195
184,186
184,187
184,193
184,199
185,187
185,188
185,191
185,192
185,193
185,194
185,195
185,196
185,200
186,190
186,191
186,194
186,195
186,196
186,197
186,198
187,188
187,190
187,192
187,193
187,197
187,200
188,189
188,190
188,196
188,198
188,200
189,192
189,195
189,197
189,198
189,199
189,200
190,192
190,199
191,192
191,196
191,199
192,193
192,196
192,197
192,198
192,200
193,195
193,198
194,196
195,196
195,197
195,198
195,200
196,197
196,199
197,199
198,200
