200
180
9950
1,9
2,137
3,90
4,103
5,97
6,57
7,121
8,147
9,19
10,8
11,52
12,93
13,1
14,115
15,133
16,89
17,1
18,87
19,70
20,162
21,125
22,25
23,54
24,98
25,97
26,67
27,128
28,161
29,92
30,165
31,96
32,18
33,149
34,156
35,59
36,107
37,160
38,155
39,61
40,141
41,14
42,130
43,16
44,177
45,62
46,179
47,20
48,40
49,169
50,71
51,72
52,59
53,118
54,30
55,109
56,78
57,22
58,94
59,140
60,95
61,86
62,69
63,116
64,88
65,46
66,74
67,44
68,114
69,105
70,5
71,49
72,99
73,29
74,79
75,142
76,91
77,56
78,48
79,36
80,85
81,150
82,47
83,15
84,120
85,10
86,164
87,134
88,119
89,144
90,11
91,176
92,27
93,17
94,80
95,104
96,81
97,75
98,100
99,131
100,59
101,129
102,24
103,53
104,116
105,157
106,64
107,122
108,102
109,172
110,43
111,126
112,110
113,151
114,139
115,7
116,23
117,13
118,148
119,81
120,152
121,2
122,65
123,168
124,143
125,37
126,83
127,118
128,92
129,71
130,33
131,170
132,73
133,39
134,84
135,82
136,64
137,69
138,153
139,167
140,69
141,168
142,12
143,146
144,66
145,35
146,178
147,111
148,77
149,3
150,98
151,174
152,113
153,63
154,110
155,124
156,41
157,91
158,173
159,45
160,28
161,108
162,156
163,21
164,58
165,51
166,38
167,154
168,123
169,76
170,106
171,151
172,163
173,166
174,60
175,117
176,136
177,180
178,68
179,112
180,55
181,127
182,78
183,159
184,132
185,50
186,135
187,42
188,175
189,34
190,145
191,6
192,138
193,158
194,32
195,31
196,171
197,157
198,101
199,4
200,26
1,2
1,3
1,4
1,7
1,8
1,9
1,11
1,14
1,15
1,17
1,19
1,20
1,21
1,25
1,26
1,30
1,32
1,33
1,37
1,38
1,40
1,41
1,42
1,43
1,44
1,45
1,46
1,48
1,52
1,54
1,55
1,58
1,60
1,61
1,64
1,65
1,67
1,69
1,70
1,73
1,74
1,75
1,79
1,80
1,84
1,86
1,87
1,89
1,93
1,94
1,96
1,97
1,98
1,99
1,101
1,103
1,105
1,106
1,108
1,109
1,112
1,116
1,117
1,118
1,122
1,125
1,129
1,130
1,134
1,135
1,138
1,139
1,142
1,144
1,147
1,148
1,154
1,155
1,156
1,157
1,158
1,159
1,160
1,163
1,164
1,166
1,167
1,170
1,171
1,174
1,176
1,178
1,179
1,180
1,181
1,182
1,184
1,186
1,191
1,193
1,196
1,199
2,4
2,6
2,7
2,8
2,10
2,12
2,13
2,16
2,18
2,19
2,20
2,21
2,25
2,27
2,28
2,29
2,30
2,31
2,35
2,36
2,37
2,38
2,39
2,40
2,41
2,42
2,43
2,44
2,45
2,48
2,49
2,50
2,60
2,62
2,63
2,64
2,67
2,68
2,73
2,74
2,76
2,78
2,80
2,81
2,83
2,84
2,87
2,88
2,89
2,90
2,94
2,96
2,100
2,102
2,105
2,109
2,110
2,112
2,113
2,114
2,115
2,118
2,119
2,120
2,121
2,124
2,125
2,130
2,132
2,133
2,135
2,136
2,138
2,139
2,140
2,141
2,142
2,143
2,145
2,147
2,151
2,153
2,156
2,157
2,160
2,161
2,162
2,163
2,165
2,168
2,170
2,171
2,172
2,176
2,181
2,183
2,184
2,187
2,189
2,190
2,191
2,192
2,193
2,195
2,197
2,200
3,5
3,7
3,8
3,11
3,13
3,15
3,16
3,20
3,21
3,22
3,28
3,29
3,31
3,32
3,35
3,36
3,37
3,39
3,41
3,42
3,43
3,44
3,46
3,47
3,48
3,49
3,50
3,51
3,53
3,54
3,59
3,60
3,61
3,66
3,67
3,69
3,70
3,72
3,75
3,77
3,79
3,81
3,82
3,84
3,87
3,88
3,89
3,90
3,93
3,94
3,95
3,97
3,99
3,101
3,102
3,103
3,105
3,109
3,110
3,112
3,113
3,114
3,118
3,119
3,123
3,124
3,126
3,127
3,128
3,132
3,133
3,134
3,135
3,136
3,138
3,139
3,140
3,141
3,142
3,143
3,145
3,146
3,147
3,152
3,153
3,157
3,159
3,160
3,161
3,162
3,163
3,166
3,167
3,168
3,169
3,170
3,172
3,175
3,176
3,177
3,184
3,185
3,188
3,189
3,191
3,193
3,197
3,199
4,5
4,6
4,7
4,9
4,13
4,18
4,20
4,21
4,22
4,25
4,26
4,27
4,29
4,34
4,35
4,41
4,42
4,43
4,44
4,45
4,46
4,48
4,49
4,52
4,54
4,55
4,59
4,61
4,63
4,64
4,67
4,71
4,74
4,75
4,76
4,79
4,80
4,84
4,86
4,90
4,91
4,93
4,94
4,96
4,98
4,99
4,100
4,101
4,103
4,107
4,109
4,110
4,115
4,116
4,119
4,121
4,122
4,127
4,130
4,133
4,135
4,136
4,138
4,142
4,146
4,147
4,148
4,149
4,150
4,152
4,153
4,156
4,159
4,160
4,162
4,163
4,164
4,166
4,167
4,168
4,169
4,174
4,177
4,179
4,180
4,182
4,184
4,186
4,187
4,188
4,189
4,190
4,195
4,196
4,197
5,6
5,8
5,10
5,12
5,13
5,14
5,15
5,17
5,19
5,20
5,21
5,23
5,24
5,25
5,26
5,27
5,28
5,29
5,31
5,34
5,36
5,40
5,43
5,46
5,48
5,50
5,53
5,54
5,56
5,57
5,58
5,59
5,61
5,64
5,66
5,67
5,69
5,70
5,71
5,72
5,75
5,77
5,79
5,81
5,82
5,83
5,84
5,86
5,95
5,98
5,100
5,104
5,108
5,109
5,111
5,113
5,115
5,118
5,119
5,121
5,122
5,125
5,128
5,129
5,130
5,134
5,137
5,139
5,140
5,141
5,142
5,144
5,145
5,148
5,149
5,151
5,152
5,153
5,154
5,155
5,158
5,160
5,162
5,165
5,168
5,170
5,171
5,172
5,175
5,176
5,177
5,183
5,184
5,188
5,190
5,191
5,193
5,195
5,198
5,200
6,9
6,10
6,11
6,13
6,15
6,16
6,17
6,18
6,19
6,20
6,23
6,24
6,25
6,27
6,29
6,33
6,35
6,36
6,37
6,39
6,41
6,43
6,47
6,48
6,50
6,52
6,53
6,57
6,58
6,59
6,60
6,62
6,64
6,66
6,68
6,73
6,76
6,77
6,80
6,81
6,82
6,83
6,84
6,90
6,94
6,95
6,97
6,98
6,101
6,109
6,111
6,112
6,113
6,114
6,121
6,122
6,123
6,127
6,128
6,129
6,130
6,131
6,132
6,133
6,135
6,137
6,138
6,139
6,140
6,141
6,142
6,143
6,144
6,145
6,147
6,148
6,150
6,151
6,153
6,155
6,156
6,157
6,159
6,160
6,161
6,162
6,163
6,164
6,172
6,175
6,176
6,177
6,181
6,182
6,184
6,185
6,186
6,190
6,198
7,10
7,11
7,12
7,13
7,16
7,17
7,20
7,25
7,27
7,28
7,31
7,32
7,36
7,41
7,42
7,47
7,48
7,51
7,53
7,56
7,58
7,59
7,60
7,65
7,67
7,69
7,70
7,71
7,72
7,75
7,76
7,77
7,78
7,80
7,81
7,82
7,83
7,84
7,85
7,87
7,88
7,89
7,92
7,93
7,97
7,98
7,103
7,105
7,106
7,108
7,111
7,113
7,115
7,116
7,117
7,119
7,122
7,125
7,128
7,130
7,131
7,133
7,141
7,142
7,144
7,145
7,146
7,147
7,149
7,152
7,153
7,154
7,155
7,158
7,159
7,160
7,165
7,167
7,172
7,173
7,174
7,176
7,178
7,179
7,180
7,183
7,184
7,185
7,186
7,187
7,188
7,192
7,196
7,198
7,199
8,10
8,11
8,12
8,15
8,16
8,20
8,22
8,23
8,25
8,26
8,27
8,30
8,33
8,34
8,36
8,37
8,38
8,39
8,45
8,46
8,50
8,51
8,53
8,56
8,57
8,61
8,62
8,63
8,64
8,70
8,71
8,75
8,76
8,77
8,78
8,79
8,86
8,87
8,88
8,89
8,90
8,94
8,96
8,101
8,103
8,104
8,105
8,108
8,109
8,110
8,113
8,118
8,121
8,122
8,124
8,127
8,129
8,130
8,133
8,135
8,136
8,138
8,139
8,142
8,143
8,144
8,145
8,146
8,147
8,150
8,152
8,155
8,159
8,160
8,162
8,166
8,167
8,169
8,170
8,171
8,174
8,175
8,176
8,177
8,178
8,181
8,182
8,186
8,188
8,189
8,192
8,193
8,194
8,196
8,197
8,199
8,200
9,11
9,12
9,14
9,17
9,19
9,21
9,23
9,25
9,26
9,27
9,35
9,36
9,42
9,43
9,46
9,47
9,48
9,50
9,51
9,52
9,53
9,54
9,55
9,57
9,58
9,59
9,60
9,61
9,62
9,63
9,67
9,68
9,69
9,70
9,73
9,76
9,77
9,78
9,81
9,82
9,83
9,84
9,86
9,88
9,91
9,92
9,93
9,94
9,99
9,100
9,106
9,110
9,111
9,112
9,113
9,115
9,116
9,117
9,120
9,121
9,123
9,124
9,128
9,130
9,131
9,132
9,133
9,134
9,135
9,136
9,137
9,140
9,146
9,147
9,148
9,150
9,152
9,153
9,154
9,158
9,163
9,164
9,168
9,171
9,172
9,173
9,174
9,177
9,179
9,181
9,186
9,190
9,191
9,193
9,195
9,196
9,197
9,198
9,199
10,11
10,12
10,13
10,14
10,15
10,16
10,17
10,19
10,20
10,21
10,24
10,26
10,30
10,31
10,32
10,34
10,35
10,38
10,41
10,42
10,44
10,45
10,47
10,48
10,49
10,50
10,51
10,52
10,54
10,58
10,59
10,60
10,64
10,68
10,70
10,71
10,72
10,75
10,78
10,84
10,87
10,90
10,91
10,93
10,100
10,102
10,105
10,106
10,108
10,109
10,111
10,114
10,116
10,118
10,122
10,123
10,124
10,125
10,128
10,129
10,130
10,131
10,132
10,133
10,136
10,137
10,138
10,139
10,140
10,141
10,142
10,146
10,147
10,149
10,150
10,151
10,152
10,153
10,154
10,155
10,156
10,157
10,158
10,166
10,168
10,169
10,172
10,173
10,174
10,175
10,180
10,182
10,183
10,184
10,185
10,188
10,190
10,193
10,195
10,196
10,197
10,198
10,200
11,12
11,15
11,17
11,18
11,19
11,23
11,25
11,28
11,30
11,31
11,33
11,36
11,37
11,38
11,43
11,44
11,48
11,49
11,52
11,56
11,57
11,60
11,61
11,63
11,64
11,66
11,67
11,68
11,69
11,72
11,74
11,79
11,82
11,86
11,88
11,91
11,95
11,97
11,98
11,99
11,101
11,102
11,106
11,107
11,109
11,110
11,111
11,115
11,118
11,119
11,120
11,121
11,122
11,123
11,124
11,126
11,128
11,129
11,131
11,132
11,134
11,138
11,141
11,143
11,146
11,147
11,149
11,150
11,153
11,154
11,155
11,157
11,158
11,159
11,160
11,162
11,163
11,164
11,166
11,167
11,176
11,178
11,182
11,186
11,188
11,190
11,191
11,196
11,197
11,198
12,13
12,14
12,19
12,20
12,22
12,26
12,33
12,34
12,36
12,37
12,40
12,41
12,43
12,44
12,47
12,49
12,51
12,55
12,56
12,58
12,60
12,63
12,64
12,65
12,66
12,68
12,69
12,73
12,75
12,76
12,77
12,78
12,79
12,83
12,85
12,88
12,89
12,92
12,96
12,100
12,102
12,104
12,105
12,108
12,111
12,112
12,113
12,114
12,115
12,118
12,119
12,121
12,122
12,123
12,124
12,126
12,129
12,130
12,136
12,138
12,141
12,142
12,143
12,144
12,145
12,147
12,150
12,151
12,155
12,157
12,159
12,160
12,161
12,162
12,163
12,165
12,167
12,168
12,170
12,171
12,172
12,174
12,180
12,184
12,186
12,187
12,189
12,190
12,191
12,193
12,194
12,195
12,198
12,200
13,15
13,17
13,18
13,21
13,23
13,24
13,25
13,26
13,32
13,33
13,36
13,39
13,43
13,45
13,47
13,48
13,49
13,51
13,52
13,53
13,55
13,58
13,60
13,62
13,66
13,67
13,68
13,71
13,72
13,74
13,75
13,77
13,78
13,79
13,80
13,82
13,86
13,87
13,92
13,96
13,98
13,99
13,100
13,101
13,104
13,105
13,109
13,110
13,112
13,113
13,114
13,115
13,117
13,118
13,119
13,123
13,125
13,127
13,128
13,129
13,130
13,132
13,136
13,139
13,141
13,152
13,153
13,156
13,157
13,159
13,163
13,164
13,169
13,171
13,172
13,173
13,175
13,177
13,178
13,180
13,183
13,184
13,190
13,193
13,194
13,196
13,198
13,199
14,15
14,16
14,17
14,18
14,20
14,21
14,24
14,25
14,26
14,28
14,29
14,30
14,31
14,32
14,33
14,34
14,36
14,40
14,46
14,47
14,48
14,49
14,54
14,56
14,58
14,60
14,61
14,63
14,64
14,65
14,66
14,67
14,68
14,71
14,74
14,75
14,77
14,78
14,81
14,83
14,84
14,87
14,88
14,90
14,91
14,92
14,93
14,96
14,101
14,102
14,104
14,107
14,110
14,112
14,114
14,115
14,122
14,123
14,124
14,125
14,127
14,133
14,135
14,141
14,142
14,148
14,151
14,152
14,153
14,154
14,155
14,156
14,157
14,158
14,159
14,160
14,167
14,168
14,169
14,170
14,172
14,173
14,174
14,175
14,176
14,177
14,179
14,181
14,183
14,187
14,190
14,193
14,195
14,197
14,199
14,200
15,16
15,17
15,18
15,20
15,21
15,22
15,23
15,25
15,31
15,32
15,35
15,41
15,42
15,43
15,45
15,47
15,48
15,50
15,51
15,52
15,53
15,56
15,57
15,58
15,59
15,60
15,62
15,63
15,64
15,65
15,68
15,71
15,73
15,75
15,77
15,78
15,79
15,82
15,85
15,90
15,91
15,92
15,94
15,95
15,97
15,99
15,100
15,102
15,104
15,107
15,108
15,113
15,119
15,120
15,121
15,122
15,128
15,129
15,131
15,132
15,133
15,138
15,142
15,145
15,148
15,152
15,153
15,154
15,157
15,158
15,161
15,162
15,164
15,170
15,174
15,178
15,179
15,180
15,181
15,182
15,185
15,186
15,189
15,190
15,194
15,195
15,196
15,197
15,199
16,17
16,18
16,20
16,21
16,24
16,27
16,31
16,32
16,34
16,36
16,37
16,38
16,42
16,46
16,48
16,51
16,52
16,58
16,59
16,61
16,62
16,68
16,69
16,70
16,71
16,75
16,76
16,78
16,84
16,85
16,86
16,87
16,89
16,90
16,93
16,94
16,97
16,99
16,100
16,101
16,102
16,103
16,104
16,107
16,108
16,109
16,110
16,113
16,114
16,115
16,121
16,122
16,123
16,124
16,127
16,128
16,130
16,131
16,132
16,133
16,134
16,136
16,137
16,140
16,144
16,146
16,148
16,154
16,157
16,160
16,161
16,162
16,163
16,164
16,165
16,166
16,174
16,175
16,176
16,177
16,178
16,179
16,180
16,183
16,184
16,188
16,189
16,190
16,191
16,192
16,193
16,194
16,197
17,19
17,24
17,28
17,31
17,33
17,34
17,36
17,37
17,39
17,42
17,43
17,44
17,45
17,46
17,50
17,52
17,53
17,54
17,57
17,58
17,59
17,61
17,62
17,63
17,66
17,67
17,70
17,71
17,72
17,73
17,74
17,76
17,78
17,79
17,81
17,83
17,87
17,88
17,90
17,91
17,92
17,93
17,94
17,95
17,96
17,99
17,104
17,105
17,106
17,110
17,111
17,115
17,116
17,117
17,118
17,120
17,123
17,124
17,129
17,131
17,132
17,133
17,136
17,137
17,138
17,140
17,141
17,143
17,147
17,149
17,154
17,155
17,158
17,161
17,163
17,167
17,171
17,175
17,176
17,178
17,179
17,180
17,182
17,185
17,187
17,189
17,190
17,192
17,194
17,195
17,198
18,19
18,23
18,24
18,25
18,27
18,30
18,32
18,34
18,35
18,36
18,38
18,47
18,49
18,50
18,52
18,56
18,59
18,60
18,62
18,64
18,66
18,67
18,69
18,70
18,73
18,74
18,76
18,77
18,78
18,81
18,83
18,85
18,86
18,89
18,91
18,92
18,95
18,96
18,97
18,98
18,104
18,105
18,106
18,109
18,111
18,112
18,113
18,116
18,117
18,122
18,123
18,124
18,125
18,126
18,129
18,130
18,131
18,133
18,134
18,135
18,136
18,137
18,140
18,141
18,147
18,148
18,150
18,153
18,156
18,157
18,167
18,168
18,170
18,173
18,174
18,177
18,178
18,179
18,181
18,183
18,184
18,185
18,188
18,193
18,196
18,197
18,200
19,21
19,22
19,24
19,25
19,27
19,29
19,30
19,31
19,33
19,34
19,35
19,37
19,38
19,39
19,40
19,41
19,42
19,43
19,49
19,50
19,53
19,54
19,56
19,57
19,58
19,60
19,61
19,62
19,63
19,65
19,66
19,67
19,72
19,75
19,76
19,81
19,83
19,84
19,85
19,86
19,87
19,90
19,92
19,98
19,100
19,101
19,103
19,104
19,106
19,107
19,108
19,109
19,112
19,114
19,116
19,119
19,120
19,121
19,128
19,132
19,133
19,136
19,137
19,138
19,139
19,142
19,144
19,145
19,148
19,149
19,150
19,152
19,153
19,155
19,156
19,158
19,161
19,162
19,164
19,166
19,167
19,168
19,169
19,175
19,177
19,181
19,184
19,188
19,189
19,197
19,200
20,21
20,25
20,28
20,30
20,32
20,33
20,34
20,40
20,41
20,42
20,45
20,47
20,48
20,50
20,54
20,55
20,56
20,59
20,61
20,62
20,63
20,64
20,65
20,66
20,71
20,72
20,78
20,80
20,84
20,86
20,87
20,88
20,89
20,91
20,95
20,96
20,97
20,99
20,100
20,101
20,102
20,103
20,104
20,105
20,107
20,112
20,114
20,117
20,118
20,119
20,121
20,122
20,123
20,124
20,125
20,127
20,129
20,130
20,132
20,135
20,136
20,138
20,141
20,143
20,144
20,146
20,147
20,151
20,152
20,153
20,155
20,157
20,159
20,161
20,162
20,163
20,165
20,170
20,171
20,172
20,174
20,179
20,181
20,184
20,189
20,190
20,192
20,197
21,23
21,24
21,26
21,29
21,31
21,33
21,36
21,37
21,41
21,46
21,47
21,48
21,49
21,50
21,51
21,52
21,53
21,54
21,55
21,56
21,57
21,60
21,61
21,63
21,64
21,65
21,66
21,67
21,71
21,73
21,74
21,81
21,82
21,87
21,88
21,90
21,91
21,94
21,98
21,99
21,100
21,104
21,108
21,110
21,111
21,113
21,118
21,119
21,120
21,123
21,124
21,125
21,127
21,128
21,129
21,131
21,132
21,136
21,137
21,138
21,139
21,142
21,144
21,145
21,147
21,149
21,150
21,152
21,154
21,157
21,158
21,160
21,163
21,165
21,167
21,169
21,171
21,173
21,174
21,179
21,180
21,182
21,185
21,186
21,188
21,189
21,191
21,192
21,195
21,196
21,198
21,199
21,200
22,25
22,28
22,31
22,32
22,35
22,42
22,43
22,44
22,45
22,50
22,55
22,60
22,61
22,64
22,68
22,72
22,73
22,74
22,76
22,77
22,78
22,79
22,81
22,83
22,84
22,85
22,87
22,89
22,90
22,91
22,92
22,93
22,94
22,96
22,97
22,98
22,100
22,102
22,103
22,104
22,105
22,106
22,107
22,109
22,110
22,111
22,112
22,113
22,116
22,117
22,119
22,120
22,121
22,126
22,127
22,131
22,133
22,135
22,137
22,138
22,142
22,143
22,146
22,148
22,153
22,156
22,160
22,161
22,162
22,163
22,164
22,165
22,167
22,170
22,171
22,176
22,177
22,178
22,180
22,182
22,186
22,189
22,191
22,193
22,194
22,198
23,24
23,26
23,28
23,35
23,36
23,38
23,39
23,40
23,42
23,43
23,44
23,47
23,48
23,52
23,53
23,54
23,55
23,56
23,58
23,60
23,61
23,62
23,65
23,66
23,67
23,68
23,70
23,73
23,74
23,76
23,82
23,83
23,84
23,85
23,86
23,88
23,89
23,90
23,91
23,93
23,94
23,98
23,99
23,100
23,103
23,111
23,115
23,121
23,122
23,123
23,125
23,126
23,127
23,128
23,130
23,132
23,136
23,137
23,141
23,142
23,145
23,149
23,150
23,152
23,154
23,157
23,158
23,161
23,162
23,163
23,164
23,166
23,169
23,172
23,176
23,179
23,184
23,186
23,191
23,192
23,193
23,195
23,196
24,25
24,26
24,30
24,36
24,38
24,40
24,42
24,46
24,48
24,49
24,50
24,52
24,53
24,55
24,57
24,58
24,60
24,61
24,62
24,63
24,64
24,68
24,69
24,70
24,71
24,73
24,74
24,75
24,76
24,78
24,79
24,80
24,81
24,82
24,87
24,88
24,92
24,94
24,102
24,106
24,108
24,111
24,113
24,115
24,116
24,118
24,122
24,123
24,127
24,130
24,131
24,136
24,137
24,138
24,142
24,143
24,145
24,146
24,148
24,149
24,151
24,153
24,154
24,161
24,164
24,165
24,167
24,168
24,170
24,171
24,172
24,174
24,175
24,176
24,177
24,178
24,179
24,182
24,185
24,187
24,189
24,190
24,193
24,194
24,195
24,196
24,197
24,198
24,199
24,200
25,29
25,32
25,34
25,38
25,39
25,40
25,42
25,43
25,44
25,47
25,49
25,51
25,53
25,55
25,56
25,58
25,59
25,60
25,66
25,71
25,76
25,77
25,81
25,82
25,89
25,93
25,94
25,96
25,97
25,98
25,101
25,102
25,103
25,104
25,105
25,106
25,107
25,108
25,109
25,112
25,113
25,115
25,117
25,121
25,122
25,123
25,124
25,125
25,131
25,132
25,136
25,137
25,138
25,139
25,140
25,144
25,145
25,147
25,148
25,151
25,153
25,155
25,157
25,160
25,161
25,163
25,170
25,171
25,172
25,175
25,178
25,179
25,180
25,181
25,186
25,187
25,190
25,192
25,195
25,196
25,197
25,198
25,200
26,28
26,29
26,30
26,31
26,35
26,42
26,44
26,45
26,47
26,50
26,52
26,54
26,55
26,56
26,57
26,58
26,61
26,64
26,65
26,66
26,68
26,70
26,72
26,73
26,74
26,77
26,79
26,80
26,83
26,84
26,85
26,86
26,87
26,90
26,94
26,96
26,97
26,98
26,100
26,102
26,104
26,107
26,109
26,112
26,113
26,114
26,116
26,117
26,118
26,122
26,123
26,124
26,129
26,130
26,132
26,134
26,137
26,138
26,139
26,140
26,142
26,143
26,146
26,149
26,150
26,158
26,159
26,160
26,161
26,163
26,165
26,166
26,167
26,169
26,171
26,174
26,175
26,177
26,180
26,181
26,182
26,186
26,187
26,188
26,189
26,190
26,192
26,193
26,197
26,199
27,28
27,29
27,30
27,31
27,32
27,34
27,35
27,36
27,37
27,39
27,40
27,43
27,52
27,54
27,56
27,58
27,60
27,63
27,64
27,69
27,73
27,74
27,77
27,81
27,82
27,83
27,85
27,86
27,87
27,88
27,89
27,91
27,92
27,94
27,95
27,98
27,100
27,101
27,106
27,107
27,110
27,112
27,113
27,114
27,116
27,118
27,122
27,123
27,129
27,134
27,137
27,139
27,140
27,141
27,142
27,143
27,144
27,146
27,147
27,149
27,150
27,151
27,152
27,153
27,156
27,158
27,159
27,161
27,164
27,165
27,167
27,169
27,170
27,171
27,172
27,174
27,176
27,180
27,181
27,183
27,184
27,186
27,189
27,193
27,195
27,196
27,197
27,200
28,30
28,32
28,34
28,36
28,38
28,41
28,42
28,44
28,48
28,49
28,50
28,51
28,53
28,54
28,59
28,60
28,64
28,65
28,66
28,69
28,70
28,73
28,79
28,81
28,83
28,84
28,87
28,89
28,91
28,97
28,99
28,101
28,102
28,103
28,104
28,105
28,107
28,109
28,111
28,115
28,116
28,117
28,118
28,119
28,120
28,121
28,124
28,125
28,126
28,127
28,131
28,132
28,137
28,138
28,139
28,140
28,142
28,149
28,150
28,152
28,153
28,154
28,155
28,157
28,158
28,159
28,162
28,163
28,170
28,171
28,172
28,174
28,175
28,177
28,181
28,183
28,184
28,191
28,192
28,193
28,196
28,197
29,30
29,31
29,35
29,36
29,37
29,38
29,39
29,40
29,41
29,43
29,48
29,51
29,52
29,54
29,57
29,61
29,63
29,67
29,69
29,70
29,71
29,73
29,77
29,78
29,80
29,81
29,82
29,83
29,84
29,90
29,91
29,96
29,97
29,98
29,100
29,103
29,104
29,105
29,106
29,109
29,112
29,116
29,119
29,120
29,126
29,130
29,131
29,133
29,134
29,137
29,138
29,139
29,142
29,147
29,148
29,150
29,151
29,152
29,156
29,160
29,167
29,168
29,171
29,180
29,181
29,183
29,184
29,189
29,192
29,194
29,195
29,196
29,198
29,199
29,200
30,31
30,32
30,33
30,34
30,35
30,37
30,38
30,39
30,40
30,45
30,46
30,47
30,48
30,51
30,52
30,54
30,56
30,57
30,58
30,59
30,62
30,65
30,68
30,74
30,76
30,79
30,80
30,81
30,82
30,83
30,84
30,85
30,88
30,91
30,92
30,93
30,94
30,95
30,96
30,99
30,100
30,101
30,103
30,106
30,108
30,109
30,112
30,113
30,117
30,118
30,119
30,121
30,122
30,126
30,129
30,133
30,135
30,137
30,139
30,140
30,143
30,144
30,148
30,149
30,153
30,155
30,158
30,159
30,161
30,162
30,163
30,166
30,170
30,172
30,178
30,180
30,182
30,183
30,185
30,187
30,194
30,195
30,196
30,197
30,198
31,32
31,36
31,41
31,42
31,43
31,46
31,48
31,49
31,50
31,52
31,54
31,57
31,59
31,60
31,61
31,63
31,64
31,67
31,70
31,71
31,77
31,78
31,79
31,80
31,82
31,84
31,86
31,88
31,89
31,93
31,94
31,95
31,96
31,97
31,99
31,100
31,104
31,105
31,106
31,109
31,110
31,111
31,114
31,116
31,119
31,121
31,122
31,126
31,129
31,130
31,133
31,135
31,138
31,139
31,141
31,142
31,144
31,145
31,146
31,148
31,155
31,156
31,159
31,160
31,162
31,163
31,164
31,166
31,167
31,168
31,170
31,173
31,177
31,178
31,184
31,185
31,186
31,189
31,190
31,192
31,195
31,198
32,38
32,39
32,41
32,44
32,47
32,52
32,55
32,56
32,57
32,58
32,60
32,61
32,62
32,65
32,66
32,67
32,68
32,69
32,72
32,76
32,77
32,79
32,80
32,81
32,82
32,86
32,87
32,89
32,90
32,92
32,93
32,95
32,96
32,101
32,102
32,106
32,107
32,108
32,109
32,113
32,114
32,115
32,119
32,121
32,122
32,123
32,124
32,126
32,127
32,128
32,132
32,138
32,141
32,143
32,144
32,145
32,147
32,152
32,153
32,154
32,156
32,158
32,159
32,160
32,162
32,165
32,168
32,173
32,176
32,177
32,178
32,179
32,181
32,183
32,185
32,186
32,191
32,192
32,196
32,197
32,198
32,199
33,35
33,36
33,38
33,41
33,42
33,43
33,44
33,46
33,49
33,50
33,51
33,52
33,54
33,56
33,57
33,58
33,59
33,70
33,71
33,74
33,77
33,81
33,83
33,84
33,86
33,95
33,97
33,100
33,101
33,103
33,106
33,108
33,109
33,115
33,117
33,119
33,120
33,121
33,125
33,130
33,131
33,132
33,133
33,136
33,142
33,145
33,147
33,148
33,150
33,152
33,153
33,156
33,157
33,161
33,162
33,163
33,165
33,167
33,168
33,169
33,170
33,171
33,172
33,175
33,176
33,179
33,181
33,184
33,185
33,187
33,188
33,193
33,195
33,198
33,200
34,35
34,37
34,38
34,40
34,42
34,43
34,46
34,47
34,48
34,49
34,50
34,51
34,55
34,57
34,60
34,62
34,64
34,65
34,67
34,68
34,69
34,70
34,72
34,78
34,81
34,82
34,83
34,84
34,87
34,88
34,91
34,92
34,93
34,94
34,95
34,99
34,100
34,109
34,110
34,112
34,113
34,119
34,120
34,124
34,126
34,127
34,128
34,129
34,130
34,132
34,133
34,136
34,138
34,140
34,141
34,142
34,145
34,146
34,148
34,150
34,151
34,154
34,158
34,159
34,161
34,162
34,163
34,166
34,167
34,171
34,175
34,177
34,179
34,181
34,183
34,187
34,190
34,192
34,194
34,196
34,197
34,200
35,36
35,37
35,38
35,40
35,43
35,45
35,51
35,52
35,55
35,56
35,57
35,58
35,60
35,66
35,67
35,69
35,71
35,73
35,74
35,76
35,80
35,83
35,89
35,90
35,91
35,92
35,93
35,94
35,95
35,96
35,98
35,99
35,101
35,102
35,105
35,108
35,111
35,113
35,116
35,117
35,121
35,125
35,129
35,130
35,136
35,137
35,143
35,147
35,152
35,155
35,156
35,157
35,158
35,159
35,160
35,161
35,164
35,166
35,167
35,168
35,169
35,170
35,171
35,173
35,174
35,175
35,178
35,181
35,185
35,188
35,189
35,196
35,197
35,198
36,37
36,39
36,42
36,43
36,44
36,47
36,50
36,51
36,54
36,59
36,61
36,64
36,67
36,68
36,69
36,70
36,71
36,72
36,77
36,78
36,80
36,86
36,87
36,88
36,91
36,92
36,93
36,94
36,96
36,99
36,100
36,101
36,102
36,104
36,105
36,107
36,110
36,112
36,115
36,118
36,119
36,123
36,124
36,126
36,128
36,129
36,132
36,135
36,136
36,137
36,138
36,139
36,140
36,144
36,147
36,148
36,150
36,153
36,154
36,155
36,159
36,161
36,162
36,163
36,166
36,169
36,170
36,173
36,177
36,181
36,184
36,187
36,192
36,194
36,195
36,197
36,198
36,199
36,200
37,38
37,41
37,43
37,44
37,45
37,47
37,52
37,53
37,55
37,61
37,62
37,64
37,65
37,66
37,69
37,70
37,71
37,74
37,75
37,78
37,79
37,80
37,81
37,82
37,83
37,84
37,85
37,86
37,87
37,89
37,91
37,92
37,95
37,98
37,105
37,106
37,107
37,109
37,112
37,113
37,115
37,116
37,119
37,121
37,122
37,123
37,125
37,127
37,128
37,129
37,131
37,132
37,134
37,137
37,138
37,139
37,143
37,144
37,145
37,146
37,147
37,148
37,149
37,150
37,152
37,153
37,155
37,157
37,158
37,162
37,163
37,169
37,170
37,171
37,172
37,173
37,174
37,177
37,178
37,180
37,181
37,182
37,188
37,189
37,190
37,191
37,192
37,193
37,194
37,195
37,197
37,198
37,199
37,200
38,39
38,41
38,42
38,43
38,44
38,47
38,48
38,49
38,53
38,54
38,56
38,58
38,60
38,61
38,62
38,63
38,66
38,67
38,68
38,69
38,72
38,73
38,74
38,76
38,78
38,86
38,88
38,90
38,93
38,96
38,98
38,100
38,102
38,103
38,104
38,108
38,110
38,112
38,113
38,117
38,120
38,122
38,125
38,126
38,131
38,133
38,134
38,135
38,136
38,137
38,139
38,142
38,143
38,144
38,145
38,146
38,149
38,152
38,155
38,156
38,157
38,158
38,163
38,164
38,167
38,171
38,173
38,176
38,178
38,179
38,184
38,185
38,186
38,187
38,190
38,191
38,192
38,193
38,194
38,197
38,198
38,199
38,200
39,40
39,41
39,47
39,49
39,50
39,51
39,54
39,57
39,58
39,59
39,61
39,64
39,65
39,66
39,68
39,69
39,70
39,72
39,76
39,77
39,79
39,84
39,87
39,89
39,92
39,93
39,94
39,98
39,104
39,108
39,111
39,112
39,113
39,116
39,120
39,121
39,124
39,128
39,129
39,133
39,134
39,135
39,136
39,140
39,141
39,145
39,146
39,151
39,155
39,157
39,160
39,161
39,163
39,164
39,165
39,167
39,168
39,169
39,171
39,172
39,177
39,178
39,179
39,180
39,181
39,183
39,184
39,187
39,188
39,193
39,195
39,196
39,197
39,200
40,41
40,42
40,43
40,46
40,47
40,52
40,54
40,55
40,61
40,62
40,63
40,69
40,72
40,74
40,75
40,76
40,78
40,79
40,80
40,81
40,82
40,85
40,86
40,87
40,88
40,92
40,93
40,94
40,96
40,98
40,99
40,100
40,102
40,103
40,105
40,109
40,113
40,115
40,116
40,118
40,119
40,120
40,122
40,125
40,126
40,128
40,130
40,133
40,135
40,136
40,139
40,141
40,142
40,143
40,145
40,146
40,147
40,150
40,154
40,155
40,156
40,157
40,158
40,162
40,163
40,168
40,170
40,172
40,173
40,174
40,176
40,178
40,179
40,181
40,183
40,184
40,185
40,187
40,197
40,198
40,199
41,42
41,43
41,44
41,45
41,47
41,48
41,50
41,52
41,53
41,54
41,55
41,58
41,59
41,61
41,62
41,63
41,64
41,66
41,68
41,71
41,83
41,84
41,86
41,87
41,88
41,89
41,90
41,91
41,92
41,93
41,97
41,98
41,99
41,101
41,103
41,105
41,109
41,111
41,113
41,114
41,115
41,124
41,125
41,126
41,127
41,128
41,129
41,131
41,132
41,133
41,134
41,135
41,137
41,138
41,139
41,140
41,141
41,142
41,143
41,145
41,147
41,148
41,152
41,154
41,155
41,162
41,163
41,164
41,165
41,166
41,169
41,170
41,176
41,179
41,183
41,185
41,186
41,187
41,191
41,192
41,195
41,197
41,198
41,199
42,46
42,47
42,48
42,49
42,51
42,56
42,60
42,61
42,62
42,63
42,64
42,68
42,69
42,72
42,78
42,84
42,86
42,87
42,91
42,92
42,93
42,94
42,96
42,97
42,98
42,99
42,100
42,101
42,103
42,104
42,105
42,106
42,107
42,108
42,109
42,110
42,111
42,112
42,113
42,114
42,116
42,117
42,118
42,121
42,123
42,124
42,127
42,128
42,130
42,132
42,135
42,137
42,138
42,141
42,143
42,144
42,145
42,146
42,149
42,152
42,157
42,159
42,161
42,163
42,169
42,170
42,172
42,175
42,176
42,177
42,179
42,182
42,183
42,184
42,186
42,189
42,190
42,192
42,194
42,197
42,198
42,200
43,45
43,48
43,49
43,50
43,51
43,52
43,53
43,54
43,55
43,56
43,58
43,62
43,63
43,64
43,68
43,69
43,70
43,72
43,73
43,74
43,78
43,82
43,83
43,86
43,88
43,97
43,98
43,99
43,100
43,101
43,103
43,105
43,106
43,107
43,111
43,115
43,116
43,117
43,118
43,119
43,122
43,124
43,127
43,129
43,130
43,132
43,134
43,135
43,137
43,141
43,142
43,143
43,145
43,147
43,148
43,150
43,151
43,152
43,153
43,154
43,157
43,160
43,161
43,162
43,165
43,167
43,169
43,170
43,171
43,172
43,176
43,179
43,182
43,185
43,188
43,189
43,194
43,195
43,196
43,197
44,45
44,46
44,48
44,49
44,51
44,53
44,54
44,56
44,57
44,58
44,61
44,63
44,64
44,67
44,68
44,69
44,71
44,72
44,75
44,80
44,83
44,84
44,85
44,89
44,92
44,93
44,94
44,98
44,103
44,104
44,105
44,106
44,107
44,109
44,110
44,111
44,113
44,115
44,117
44,118
44,120
44,123
44,124
44,125
44,126
44,127
44,130
44,131
44,132
44,133
44,134
44,136
44,139
44,140
44,141
44,142
44,144
44,146
44,147
44,148
44,149
44,151
44,152
44,153
44,156
44,157
44,158
44,159
44,163
44,165
44,167
44,168
44,171
44,172
44,173
44,174
44,176
44,178
44,179
44,181
44,183
44,184
44,185
44,192
44,198
44,199
44,200
45,46
45,51
45,53
45,54
45,57
45,60
45,62
45,63
45,64
45,67
45,68
45,70
45,71
45,73
45,74
45,75
45,76
45,77
45,79
45,81
45,82
45,83
45,84
45,85
45,86
45,89
45,91
45,95
45,99
45,101
45,103
45,105
45,106
45,107
45,109
45,110
45,111
45,114
45,115
45,116
45,119
45,120
45,122
45,125
45,127
45,129
45,130
45,131
45,135
45,136
45,139
45,140
45,141
45,143
45,144
45,145
45,146
45,147
45,148
45,149
45,152
45,155
45,156
45,157
45,159
45,160
45,162
45,163
45,166
45,167
45,168
45,172
45,175
45,179
45,180
45,182
45,188
45,189
45,192
45,193
45,195
45,196
45,197
45,199
45,200
46,49
46,51
46,59
46,61
46,63
46,64
46,65
46,69
46,70
46,73
46,76
46,77
46,79
46,81
46,82
46,87
46,89
46,90
46,91
46,92
46,93
46,95
46,99
46,100
46,102
46,103
46,105
46,106
46,109
46,111
46,112
46,113
46,114
46,117
46,119
46,122
46,128
46,129
46,134
46,136
46,139
46,140
46,141
46,142
46,144
46,146
46,152
46,155
46,156
46,159
46,160
46,165
46,166
46,167
46,170
46,173
46,175
46,179
46,180
46,181
46,184
46,185
46,186
46,190
46,194
46,195
46,197
46,198
46,199
47,51
47,52
47,55
47,58
47,59
47,61
47,62
47,64
47,65
47,66
47,67
47,69
47,71
47,72
47,74
47,75
47,76
47,77
47,78
47,79
47,81
47,82
47,84
47,90
47,91
47,92
47,96
47,98
47,99
47,103
47,104
47,106
47,107
47,108
47,110
47,112
47,115
47,116
47,117
47,119
47,120
47,122
47,124
47,128
47,129
47,131
47,133
47,134
47,135
47,137
47,139
47,140
47,142
47,144
47,145
47,146
47,147
47,148
47,149
47,152
47,153
47,154
47,156
47,157
47,158
47,159
47,160
47,163
47,164
47,165
47,166
47,168
47,175
47,177
47,182
47,183
47,184
47,186
47,189
47,195
47,197
47,199
47,200
48,49
48,56
48,57
48,58
48,59
48,60
48,61
48,64
48,67
48,68
48,69
48,71
48,74
48,76
48,77
48,80
48,81
48,83
48,84
48,90
48,91
48,92
48,100
48,102
48,103
48,105
48,106
48,107
48,113
48,114
48,122
48,124
48,125
48,131
48,133
48,134
48,135
48,138
48,139
48,141
48,142
48,145
48,146
48,148
48,150
48,151
48,152
48,157
48,159
48,160
48,161
48,162
48,165
48,166
48,167
48,170
48,171
48,176
48,178
48,179
48,181
48,182
48,186
48,188
48,190
48,194
48,198
48,199
48,200
49,51
49,52
49,55
49,56
49,59
49,61
49,62
49,64
49,66
49,67
49,68
49,69
49,70
49,72
49,74
49,76
49,77
49,79
49,80
49,82
49,87
49,91
49,92
49,93
49,94
49,95
49,96
49,97
49,100
49,102
49,104
49,105
49,106
49,107
49,108
49,109
49,110
49,112
49,113
49,114
49,117
49,119
49,120
49,124
49,125
49,126
49,129
49,130
49,131
49,132
49,133
49,136
49,137
49,139
49,144
49,145
49,148
49,149
49,151
49,152
49,154
49,155
49,156
49,157
49,159
49,160
49,166
49,167
49,172
49,175
49,176
49,177
49,179
49,188
49,190
49,192
49,193
49,194
49,195
49,196
49,198
49,200
50,51
50,52
50,53
50,54
50,56
50,58
50,59
50,61
50,64
50,69
50,70
50,71
50,77
50,79
50,80
50,81
50,82
50,85
50,86
50,89
50,90
50,92
50,93
50,96
50,97
50,98
50,101
50,103
50,107
50,112
50,115
50,116
50,117
50,118
50,119
50,122
50,123
50,126
50,127
50,129
50,130
50,131
50,132
50,133
50,135
50,141
50,142
50,153
50,155
50,156
50,161
50,165
50,166
50,168
50,170
50,173
50,174
50,176
50,177
50,178
50,179
50,181
50,183
50,185
50,191
50,193
50,197
50,199
51,52
51,53
51,54
51,59
51,60
51,64
51,67
51,68
51,69
51,70
51,72
51,75
51,76
51,78
51,82
51,83
51,84
51,85
51,87
51,88
51,89
51,91
51,92
51,93
51,96
51,98
51,99
51,100
51,101
51,103
51,108
51,109
51,111
51,112
51,113
51,116
51,117
51,118
51,119
51,120
51,121
51,124
51,126
51,127
51,128
51,129
51,132
51,133
51,136
51,139
51,141
51,142
51,143
51,144
51,146
51,147
51,148
51,149
51,152
51,154
51,155
51,157
51,160
51,161
51,165
51,169
51,170
51,171
51,172
51,174
51,176
51,177
51,178
51,186
51,187
51,188
51,189
51,192
51,193
51,196
51,197
51,198
51,199
51,200
52,55
52,56
52,57
52,58
52,65
52,67
52,69
52,70
52,71
52,74
52,75
52,76
52,77
52,79
52,81
52,82
52,83
52,84
52,85
52,87
52,88
52,91
52,95
52,97
52,98
52,101
52,102
52,104
52,106
52,108
52,109
52,111
52,112
52,113
52,115
52,116
52,118
52,120
52,123
52,124
52,125
52,126
52,127
52,128
52,129
52,131
52,133
52,134
52,136
52,138
52,139
52,141
52,144
52,147
52,148
52,149
52,150
52,152
52,154
52,155
52,162
52,163
52,164
52,166
52,169
52,178
52,179
52,181
52,185
52,186
52,188
52,189
52,192
52,194
52,196
52,200
53,56
53,59
53,61
53,62
53,64
53,66
53,68
53,72
53,73
53,74
53,77
53,80
53,84
53,85
53,87
53,88
53,89
53,93
53,94
53,95
53,98
53,100
53,102
53,104
53,107
53,108
53,109
53,114
53,115
53,117
53,120
53,122
53,123
53,125
53,128
53,129
53,130
53,131
53,135
53,136
53,138
53,141
53,142
53,145
53,147
53,148
53,150
53,152
53,153
53,154
53,155
53,157
53,158
53,160
53,161
53,162
53,163
53,164
53,165
53,166
53,168
53,170
53,173
53,176
53,177
53,179
53,181
53,182
53,184
53,185
53,186
53,187
53,188
53,190
53,191
53,193
53,194
53,200
54,55
54,56
54,57
54,59
54,60
54,64
54,65
54,66
54,68
54,70
54,73
54,74
54,75
54,76
54,78
54,80
54,81
54,83
54,84
54,86
54,88
54,89
54,91
54,93
54,95
54,96
54,98
54,99
54,103
54,104
54,105
54,112
54,113
54,114
54,115
54,120
54,121
54,122
54,124
54,126
54,129
54,130
54,133
54,135
54,137
54,138
54,141
54,142
54,143
54,144
54,146
54,149
54,150
54,151
54,153
54,154
54,155
54,159
54,160
54,162
54,164
54,167
54,169
54,170
54,172
54,174
54,177
54,179
54,181
54,188
54,189
54,190
54,191
54,192
54,195
54,196
54,197
54,198
55,56
55,61
55,62
55,63
55,64
55,66
55,69
55,71
55,72
55,74
55,77
55,78
55,82
55,86
55,87
55,88
55,92
55,93
55,96
55,97
55,98
55,99
55,101
55,102
55,104
55,105
55,106
55,107
55,108
55,110
55,111
55,112
55,115
55,117
55,118
55,120
55,121
55,122
55,126
55,127
55,128
55,132
55,133
55,134
55,137
55,140
55,144
55,146
55,149
55,152
55,153
55,154
55,155
55,156
55,157
55,160
55,165
55,166
55,171
55,174
55,175
55,176
55,180
55,181
55,183
55,186
55,187
55,189
55,192
55,193
55,194
55,195
55,196
55,197
55,198
55,200
56,58
56,59
56,60
56,62
56,63
56,65
56,67
56,68
56,70
56,71
56,74
56,82
56,85
56,88
56,89
56,93
56,95
56,96
56,97
56,99
56,100
56,101
56,102
56,105
56,106
56,109
56,111
56,112
56,113
56,114
56,116
56,119
56,121
56,122
56,123
56,126
56,127
56,129
56,131
56,132
56,134
56,135
56,139
56,140
56,141
56,143
56,144
56,147
56,148
56,149
56,150
56,151
56,154
56,156
56,157
56,158
56,159
56,162
56,165
56,167
56,168
56,169
56,170
56,171
56,172
56,173
56,174
56,175
56,176
56,180
56,181
56,182
56,183
56,185
56,186
56,187
56,190
56,191
56,193
56,199
56,200
57,58
57,61
57,62
57,68
57,69
57,72
57,73
57,76
57,78
57,80
57,82
57,83
57,84
57,85
57,86
57,87
57,88
57,90
57,92
57,96
57,101
57,102
57,103
57,105
57,108
57,109
57,110
57,112
57,113
57,114
57,118
57,119
57,123
57,125
57,126
57,128
57,129
57,131
57,132
57,133
57,134
57,135
57,138
57,140
57,141
57,143
57,146
57,148
57,150
57,154
57,156
57,159
57,162
57,163
57,164
57,165
57,167
57,171
57,172
57,174
57,176
57,184
57,186
57,187
57,188
57,189
57,190
57,196
57,197
57,199
58,59
58,60
58,65
58,68
58,71
58,74
58,75
58,77
58,78
58,79
58,80
58,82
58,83
58,85
58,86
58,87
58,89
58,90
58,91
58,95
58,98
58,99
58,100
58,103
58,107
58,110
58,111
58,112
58,113
58,115
58,118
58,122
58,124
58,127
58,128
58,133
58,135
58,142
58,149
58,151
58,152
58,153
58,154
58,155
58,157
58,162
58,164
58,166
58,171
58,179
58,182
58,183
58,186
58,188
58,190
58,194
58,195
58,196
58,197
58,200
59,61
59,62
59,63
59,64
59,65
59,67
59,72
59,75
59,76
59,79
59,82
59,84
59,86
59,91
59,92
59,93
59,95
59,96
59,99
59,100
59,103
59,104
59,106
59,107
59,109
59,111
59,115
59,117
59,123
59,124
59,126
59,127
59,128
59,130
59,132
59,134
59,135
59,140
59,143
59,146
59,148
59,149
59,150
59,151
59,152
59,153
59,156
59,159
59,163
59,164
59,166
59,170
59,171
59,172
59,176
59,177
59,180
59,183
59,187
59,188
59,191
59,193
59,194
59,196
59,197
59,198
59,199
60,61
60,62
60,65
60,67
60,68
60,69
60,71
60,72
60,75
60,76
60,77
60,85
60,89
60,90
60,91
60,92
60,94
60,95
60,98
60,101
60,102
60,103
60,105
60,106
60,107
60,113
60,114
60,116
60,121
60,122
60,124
60,125
60,127
60,128
60,131
60,132
60,137
60,138
60,139
60,140
60,143
60,144
60,145
60,146
60,149
60,150
60,156
60,157
60,159
60,160
60,161
60,163
60,165
60,166
60,167
60,170
60,173
60,175
60,176
60,179
60,180
60,184
60,188
60,190
60,193
60,194
60,196
61,63
61,65
61,66
61,67
61,69
61,70
61,71
61,73
61,74
61,75
61,77
61,81
61,82
61,83
61,87
61,91
61,92
61,93
61,94
61,96
61,97
61,101
61,102
61,103
61,104
61,107
61,115
61,116
61,118
61,119
61,124
61,127
61,128
61,130
61,135
61,138
61,139
61,140
61,145
61,146
61,147
61,153
61,154
61,156
61,158
61,159
61,161
61,165
61,166
61,169
61,171
61,173
61,175
61,179
61,182
61,184
61,186
61,190
61,195
61,196
61,200
62,64
62,67
62,68
62,69
62,71
62,72
62,75
62,76
62,77
62,78
62,80
62,81
62,82
62,83
62,85
62,86
62,87
62,89
62,90
62,91
62,94
62,95
62,96
62,99
62,101
62,102
62,103
62,104
62,108
62,110
62,112
62,117
62,119
62,121
62,125
62,129
62,130
62,132
62,136
62,138
62,148
62,151
62,152
62,153
62,154
62,158
62,159
62,163
62,164
62,168
62,170
62,171
62,172
62,175
62,179
62,184
62,185
62,186
62,189
62,190
62,192
62,194
62,195
62,196
62,197
62,200
63,65
63,67
63,68
63,70
63,74
63,75
63,80
63,83
63,84
63,88
63,91
63,92
63,97
63,98
63,99
63,101
63,104
63,106
63,107
63,108
63,109
63,112
63,113
63,114
63,118
63,121
63,127
63,128
63,129
63,131
63,133
63,136
63,137
63,140
63,147
63,149
63,150
63,152
63,153
63,154
63,155
63,156
63,158
63,160
63,161
63,162
63,163
63,164
63,165
63,169
63,174
63,176
63,177
63,178
63,179
63,180
63,181
63,184
63,185
63,187
63,194
63,195
63,196
63,198
64,65
64,67
64,69
64,70
64,72
64,74
64,75
64,77
64,79
64,80
64,81
64,82
64,84
64,85
64,87
64,90
64,91
64,94
64,95
64,96
64,97
64,98
64,101
64,102
64,103
64,105
64,106
64,107
64,108
64,110
64,111
64,114
64,115
64,118
64,119
64,121
64,122
64,123
64,124
64,128
64,130
64,131
64,132
64,134
64,135
64,136
64,137
64,138
64,139
64,141
64,142
64,144
64,146
64,148
64,151
64,156
64,160
64,161
64,162
64,163
64,166
64,167
64,169
64,170
64,174
64,175
64,176
64,180
64,182
64,183
64,186
64,189
64,192
64,193
64,197
64,198
65,66
65,69
65,70
65,71
65,72
65,73
65,74
65,76
65,82
65,84
65,85
65,86
65,90
65,92
65,93
65,94
65,95
65,96
65,98
65,99
65,101
65,102
65,104
65,106
65,107
65,110
65,113
65,115
65,117
65,118
65,120
65,123
65,126
65,127
65,129
65,130
65,132
65,133
65,134
65,135
65,143
65,145
65,146
65,150
65,151
65,152
65,156
65,159
65,160
65,163
65,165
65,166
65,167
65,170
65,171
65,172
65,173
65,175
65,179
65,181
65,183
65,184
65,185
65,190
65,191
65,193
65,194
65,195
65,197
65,199
65,200
66,70
66,71
66,72
66,73
66,74
66,75
66,76
66,78
66,79
66,82
66,83
66,84
66,85
66,87
66,88
66,91
66,92
66,94
66,97
66,100
66,103
66,104
66,105
66,111
66,112
66,115
66,116
66,117
66,118
66,119
66,120
66,124
66,132
66,136
66,138
66,139
66,140
66,143
66,144
66,146
66,148
66,150
66,156
66,157
66,158
66,159
66,163
66,165
66,166
66,171
66,175
66,177
66,178
66,179
66,180
66,182
66,183
66,184
66,186
66,187
66,191
66,192
66,194
66,195
66,196
66,197
66,198
66,199
66,200
67,69
67,71
67,74
67,75
67,76
67,77
67,78
67,79
67,80
67,84
67,87
67,89
67,90
67,92
67,98
67,99
67,100
67,101
67,103
67,104
67,105
67,107
67,109
67,110
67,111
67,112
67,113
67,114
67,115
67,116
67,118
67,119
67,120
67,121
67,122
67,123
67,125
67,129
67,130
67,131
67,132
67,133
67,135
67,137
67,138
67,143
67,144
67,145
67,148
67,149
67,155
67,156
67,157
67,160
67,162
67,163
67,165
67,166
67,167
67,168
67,171
67,173
67,175
67,176
67,177
67,178
67,180
67,181
67,183
67,185
67,188
67,191
67,192
67,198
67,199
68,69
68,70
68,73
68,74
68,77
68,82
68,84
68,86
68,87
68,91
68,93
68,95
68,97
68,101
68,102
68,104
68,105
68,106
68,109
68,110
68,111
68,113
68,114
68,116
68,122
68,124
68,125
68,126
68,127
68,129
68,132
68,133
68,138
68,139
68,140
68,141
68,142
68,143
68,150
68,151
68,161
68,162
68,165
68,166
68,167
68,173
68,174
68,175
68,176
68,177
68,180
68,183
68,184
68,185
68,187
68,188
68,191
68,194
68,195
68,196
68,198
68,199
68,200
69,71
69,72
69,73
69,76
69,77
69,79
69,80
69,86
69,95
69,96
69,97
69,99
69,100
69,101
69,105
69,106
69,110
69,111
69,112
69,115
69,117
69,118
69,120
69,124
69,125
69,126
69,127
69,130
69,133
69,135
69,138
69,142
69,143
69,144
69,147
69,148
69,150
69,151
69,153
69,154
69,156
69,157
69,159
69,161
69,162
69,165
69,166
69,168
69,169
69,170
69,172
69,173
69,176
69,179
69,181
69,182
69,184
69,189
69,193
69,194
69,195
69,197
69,198
69,199
70,74
70,76
70,77
70,78
70,79
70,82
70,86
70,87
70,89
70,92
70,93
70,94
70,95
70,96
70,101
70,102
70,104
70,105
70,106
70,107
70,109
70,114
70,115
70,116
70,117
70,118
70,120
70,123
70,124
70,127
70,130
70,131
70,132
70,135
70,136
70,137
70,142
70,143
70,145
70,151
70,154
70,155
70,156
70,158
70,159
70,161
70,162
70,164
70,172
70,175
70,179
70,183
70,185
70,186
70,188
70,189
70,190
70,191
70,197
70,199
70,200
71,74
71,76
71,77
71,83
71,85
71,88
71,90
71,93
71,95
71,99
71,101
71,104
71,105
71,106
71,108
71,110
71,111
71,115
71,117
71,120
71,122
71,123
71,124
71,125
71,126
71,128
71,133
71,134
71,136
71,137
71,138
71,139
71,140
71,141
71,142
71,143
71,145
71,146
71,150
71,153
71,156
71,157
71,159
71,160
71,161
71,163
71,165
71,166
71,171
71,174
71,177
71,178
71,179
71,180
71,181
71,183
71,184
71,185
71,186
71,190
71,193
71,195
71,196
71,197
71,198
71,199
71,200
72,75
72,76
72,77
72,78
72,82
72,83
72,85
72,89
72,92
72,94
72,95
72,97
72,100
72,101
72,102
72,103
72,104
72,106
72,107
72,111
72,112
72,114
72,116
72,117
72,119
72,121
72,122
72,123
72,124
72,125
72,134
72,135
72,138
72,139
72,146
72,147
72,148
72,149
72,152
72,154
72,155
72,156
72,158
72,160
72,161
72,164
72,165
72,167
72,169
72,171
72,172
72,175
72,176
72,178
72,180
72,182
72,183
72,186
72,189
72,194
72,195
72,197
72,198
72,199
72,200
73,75
73,79
73,80
73,82
73,83
73,87
73,88
73,93
73,95
73,99
73,100
73,101
73,102
73,103
73,104
73,105
73,106
73,108
73,111
73,118
73,119
73,120
73,121
73,124
73,125
73,126
73,127
73,129
73,130
73,134
73,135
73,136
73,137
73,138
73,140
73,142
73,146
73,150
73,156
73,158
73,160
73,167
73,168
73,169
73,170
73,172
73,175
73,176
73,177
73,178
73,181
73,182
73,184
73,185
73,186
73,187
73,189
73,194
73,195
73,199
73,200
74,79
74,82
74,83
74,84
74,87
74,88
74,90
74,92
74,93
74,96
74,98
74,99
74,102
74,103
74,104
74,109
74,112
74,113
74,114
74,116
74,117
74,122
74,123
74,124
74,125
74,126
74,128
74,130
74,131
74,134
74,136
74,137
74,145
74,146
74,147
74,148
74,150
74,151
74,154
74,157
74,159
74,160
74,167
74,168
74,170
74,172
74,174
74,177
74,178
74,179
74,180
74,183
74,184
74,185
74,186
74,188
74,190
74,192
74,193
74,194
74,197
74,198
74,200
75,77
75,81
75,84
75,85
75,88
75,94
75,97
75,100
75,101
75,103
75,104
75,107
75,108
75,109
75,116
75,117
75,118
75,120
75,121
75,122
75,123
75,124
75,126
75,127
75,128
75,130
75,131
75,137
75,138
75,139
75,140
75,141
75,146
75,150
75,151
75,152
75,153
75,156
75,157
75,159
75,163
75,167
75,169
75,171
75,173
75,174
75,177
75,183
75,185
75,188
75,189
75,190
75,193
75,195
75,196
75,197
75,200
76,79
76,81
76,83
76,86
76,88
76,90
76,91
76,92
76,94
76,96
76,99
76,100
76,102
76,104
76,105
76,106
76,107
76,108
76,109
76,110
76,111
76,112
76,113
76,116
76,118
76,119
76,121
76,127
76,130
76,131
76,133
76,134
76,135
76,137
76,138
76,140
76,143
76,145
76,146
76,147
76,148
76,149
76,150
76,151
76,153
76,154
76,155
76,158
76,163
76,164
76,165
76,166
76,167
76,168
76,169
76,171
76,172
76,173
76,175
76,177
76,180
76,183
76,188
76,194
76,195
76,197
77,78
77,79
77,81
77,83
77,84
77,86
77,87
77,92
77,97
77,100
77,102
77,103
77,104
77,105
77,106
77,108
77,110
77,115
77,116
77,117
77,119
77,120
77,122
77,125
77,127
77,128
77,130
77,134
77,135
77,136
77,141
77,143
77,144
77,146
77,149
77,150
77,151
77,152
77,153
77,154
77,159
77,160
77,164
77,170
77,171
77,172
77,174
77,176
77,177
77,180
77,181
77,182
77,185
77,186
77,189
77,190
77,191
77,194
77,197
77,198
77,199
77,200
78,79
78,81
78,82
78,83
78,85
78,89
78,92
78,93
78,94
78,96
78,97
78,98
78,99
78,101
78,108
78,109
78,117
78,121
78,123
78,126
78,128
78,129
78,131
78,140
78,141
78,143
78,144
78,145
78,146
78,148
78,152
78,153
78,155
78,156
78,157
78,159
78,161
78,163
78,165
78,166
78,167
78,168
78,170
78,171
78,172
78,173
78,174
78,177
78,178
78,181
78,182
78,183
78,185
78,187
78,188
78,191
78,197
79,81
79,82
79,83
79,84
79,85
79,86
79,87
79,88
79,90
79,91
79,93
79,94
79,95
79,96
79,100
79,105
79,106
79,107
79,111
79,115
79,118
79,121
79,122
79,124
79,128
79,129
79,130
79,133
79,134
79,135
79,137
79,138
79,139
79,140
79,141
79,146
79,147
79,148
79,149
79,151
79,153
79,155
79,156
79,160
79,161
79,167
79,169
79,171
79,173
79,174
79,175
79,177
79,182
79,184
79,189
79,191
79,192
79,193
79,195
80,81
80,83
80,84
80,87
80,88
80,89
80,90
80,91
80,92
80,93
80,95
80,96
80,97
80,99
80,100
80,101
80,103
80,104
80,105
80,109
80,110
80,112
80,113
80,117
80,118
80,123
80,126
80,127
80,128
80,129
80,130
80,131
80,134
80,137
80,139
80,144
80,147
80,149
80,150
80,152
80,153
80,156
80,157
80,159
80,160
80,167
80,169
80,172
80,174
80,177
80,178
80,180
80,185
80,187
80,192
80,193
80,194
80,196
80,197
80,199
81,82
81,83
81,84
81,86
81,88
81,90
81,91
81,93
81,97
81,99
81,100
81,101
81,105
81,107
81,111
81,113
81,115
81,116
81,119
81,120
81,121
81,122
81,124
81,125
81,127
81,128
81,129
81,130
81,131
81,134
81,136
81,138
81,139
81,140
81,142
81,145
81,147
81,148
81,149
81,151
81,152
81,156
81,157
81,158
81,161
81,162
81,164
81,170
81,172
81,173
81,177
81,179
81,181
81,183
81,185
81,186
81,187
81,189
81,191
81,192
81,193
81,196
81,198
81,200
82,84
82,88
82,92
82,93
82,97
82,98
82,101
82,102
82,104
82,105
82,107
82,108
82,110
82,111
82,112
82,114
82,118
82,119
82,120
82,121
82,123
82,125
82,126
82,128
82,132
82,134
82,138
82,142
82,145
82,146
82,150
82,153
82,155
82,156
82,160
82,162
82,163
82,164
82,169
82,170
82,171
82,172
82,174
82,180
82,184
82,188
82,193
82,194
82,197
82,199
83,85
83,87
83,88
83,90
83,91
83,97
83,99
83,101
83,105
83,106
83,107
83,108
83,111
83,112
83,117
83,119
83,123
83,124
83,125
83,126
83,128
83,130
83,132
83,134
83,135
83,138
83,142
83,143
83,147
83,149
83,150
83,152
83,154
83,157
83,158
83,162
83,163
83,165
83,168
83,169
83,171
83,173
83,175
83,181
83,182
83,183
83,185
83,187
83,188
83,190
83,195
83,196
83,198
83,199
83,200
84,86
84,87
84,88
84,90
84,91
84,96
84,99
84,100
84,102
84,104
84,105
84,107
84,108
84,110
84,111
84,112
84,114
84,117
84,118
84,121
84,122
84,125
84,126
84,127
84,128
84,129
84,135
84,136
84,137
84,138
84,140
84,141
84,142
84,144
84,145
84,146
84,148
84,149
84,151
84,152
84,154
84,155
84,156
84,158
84,159
84,160
84,161
84,162
84,164
84,165
84,167
84,168
84,171
84,176
84,181
84,183
84,184
84,185
84,188
84,189
84,191
84,192
84,193
84,194
84,195
84,200
85,86
85,89
85,90
85,91
85,94
85,96
85,99
85,103
85,104
85,105
85,107
85,112
85,113
85,115
85,119
85,122
85,123
85,127
85,128
85,129
85,130
85,133
85,138
85,141
85,145
85,147
85,149
85,154
85,156
85,157
85,159
85,165
85,167
85,168
85,169
85,170
85,176
85,179
85,180
85,187
85,188
85,189
85,190
85,192
85,195
85,196
85,197
85,198
86,88
86,90
86,93
86,95
86,97
86,98
86,100
86,101
86,105
86,106
86,108
86,109
86,110
86,111
86,113
86,116
86,120
86,123
86,124
86,125
86,126
86,127
86,128
86,129
86,130
86,134
86,136
86,137
86,138
86,140
86,141
86,144
86,145
86,149
86,150
86,151
86,153
86,154
86,155
86,156
86,157
86,159
86,160
86,161
86,163
86,164
86,168
86,170
86,172
86,173
86,174
86,175
86,178
86,179
86,180
86,189
86,190
86,192
86,193
86,194
86,197
86,198
86,199
86,200
87,89
87,90
87,92
87,93
87,94
87,95
87,97
87,98
87,99
87,100
87,101
87,103
87,104
87,105
87,110
87,111
87,112
87,113
87,114
87,118
87,119
87,120
87,125
87,126
87,127
87,128
87,130
87,131
87,133
87,135
87,136
87,140
87,141
87,142
87,143
87,146
87,148
87,153
87,155
87,156
87,160
87,164
87,170
87,171
87,174
87,175
87,176
87,177
87,179
87,180
87,181
87,182
87,183
87,184
87,186
87,188
87,189
87,199
87,200
88,89
88,90
88,91
88,93
88,95
88,96
88,97
88,102
88,104
88,107
88,108
88,109
88,110
88,111
88,114
88,115
88,120
88,129
88,130
88,134
88,135
88,137
88,139
88,141
88,142
88,143
88,144
88,147
88,148
88,149
88,150
88,151
88,152
88,153
88,154
88,155
88,156
88,159
88,161
88,165
88,167
88,168
88,172
88,173
88,174
88,177
88,180
88,182
88,185
88,188
88,191
88,192
88,193
88,194
88,196
88,197
89,91
89,92
89,100
89,102
89,103
89,106
89,108
89,109
89,110
89,114
89,116
89,117
89,123
89,124
89,125
89,126
89,129
89,132
89,133
89,134
89,135
89,136
89,137
89,139
89,140
89,142
89,144
89,145
89,146
89,147
89,150
89,152
89,158
89,160
89,161
89,162
89,166
89,168
89,172
89,176
89,177
89,178
89,179
89,181
89,184
89,185
89,186
89,187
89,188
89,189
89,190
89,192
89,196
89,199
89,200
90,92
90,94
90,95
90,97
90,98
90,100
90,101
90,103
90,105
90,106
90,109
90,110
90,120
90,122
90,123
90,124
90,125
90,128
90,133
90,134
90,137
90,138
90,139
90,140
90,141
90,143
90,144
90,145
90,146
90,148
90,152
90,153
90,156
90,157
90,158
90,161
90,163
90,165
90,168
90,172
90,173
90,176
90,178
90,180
90,181
90,182
90,183
90,184
90,185
90,188
90,192
90,196
90,199
90,200
91,92
91,94
91,96
91,97
91,98
91,99
91,100
91,102
91,104
91,105
91,107
91,108
91,109
91,111
91,113
91,114
91,115
91,116
91,117
91,120
91,124
91,127
91,129
91,131
91,132
91,133
91,139
91,140
91,141
91,142
91,143
91,145
91,146
91,149
91,153
91,156
91,157
91,158
91,159
91,160
91,162
91,169
91,170
91,172
91,175
91,178
91,179
91,180
91,183
91,184
91,185
91,186
91,187
91,189
91,191
91,193
91,194
91,197
91,198
91,199
91,200
92,94
92,99
92,103
92,105
92,106
92,109
92,110
92,112
92,114
92,115
92,117
92,119
92,122
92,123
92,126
92,127
92,130
92,132
92,136
92,138
92,145
92,151
92,152
92,153
92,154
92,155
92,156
92,158
92,164
92,165
92,166
92,170
92,171
92,172
92,173
92,176
92,179
92,184
92,185
92,190
92,191
92,192
92,197
92,200
93,94
93,97
93,98
93,100
93,103
93,104
93,106
93,108
93,109
93,110
93,111
93,112
93,116
93,117
93,119
93,122
93,123
93,126
93,127
93,128
93,130
93,132
93,134
93,135
93,141
93,143
93,144
93,146
93,151
93,152
93,154
93,155
93,156
93,160
93,162
93,164
93,165
93,167
93,168
93,169
93,171
93,172
93,174
93,178
93,179
93,182
93,183
93,189
93,190
93,191
93,193
93,195
93,198
94,95
94,97
94,99
94,102
94,103
94,105
94,111
94,115
94,116
94,117
94,120
94,121
94,122
94,125
94,126
94,127
94,128
94,129
94,131
94,133
94,135
94,136
94,138
94,140
94,141
94,142
94,144
94,152
94,153
94,156
94,158
94,159
94,160
94,163
94,176
94,177
94,178
94,182
94,183
94,184
94,186
94,187
94,188
94,191
94,192
94,194
94,196
94,197
94,198
94,199
94,200
95,98
95,99
95,101
95,104
95,108
95,110
95,111
95,115
95,117
95,119
95,120
95,125
95,126
95,130
95,132
95,134
95,137
95,138
95,139
95,141
95,142
95,143
95,146
95,147
95,149
95,150
95,151
95,158
95,160
95,164
95,166
95,167
95,173
95,174
95,175
95,177
95,178
95,180
95,181
95,182
95,183
95,184
95,189
95,190
95,192
95,193
95,195
95,197
95,198
95,200
96,98
96,100
96,101
96,103
96,105
96,107
96,109
96,110
96,111
96,115
96,118
96,119
96,121
96,124
96,128
96,129
96,134
96,136
96,137
96,138
96,139
96,141
96,142
96,144
96,153
96,154
96,156
96,158
96,161
96,162
96,164
96,167
96,171
96,172
96,173
96,176
96,178
96,185
96,186
96,187
96,189
96,191
96,192
96,194
96,196
97,98
97,104
97,106
97,107
97,110
97,112
97,114
97,115
97,117
97,118
97,121
97,122
97,125
97,126
97,128
97,129
97,130
97,132
97,137
97,138
97,140
97,144
97,145
97,147
97,148
97,149
97,151
97,152
97,153
97,155
97,156
97,158
97,159
97,160
97,163
97,164
97,165
97,167
97,169
97,171
97,173
97,174
97,175
97,181
97,182
97,183
97,184
97,185
97,186
97,188
97,189
97,191
97,194
97,195
97,196
97,197
97,199
98,99
98,105
98,106
98,109
98,110
98,111
98,112
98,115
98,121
98,122
98,123
98,126
98,127
98,129
98,131
98,134
98,135
98,136
98,138
98,139
98,140
98,142
98,143
98,151
98,155
98,156
98,157
98,161
98,163
98,165
98,169
98,170
98,171
98,172
98,173
98,174
98,175
98,176
98,177
98,180
98,184
98,185
98,186
98,188
98,189
98,190
98,192
98,199
98,200
99,100
99,103
99,106
99,107
99,110
99,111
99,112
99,115
99,117
99,119
99,120
99,121
99,124
99,125
99,128
99,129
99,131
99,132
99,133
99,135
99,137
99,138
99,143
99,145
99,147
99,148
99,150
99,151
99,155
99,158
99,159
99,162
99,164
99,166
99,167
99,169
99,170
99,171
99,172
99,173
99,174
99,175
99,176
99,177
99,178
99,181
99,182
99,184
99,185
99,187
99,190
99,193
99,195
99,198
99,200
100,101
100,103
100,106
100,107
100,108
100,109
100,110
100,111
100,113
100,114
100,118
100,121
100,124
100,125
100,126
100,128
100,133
100,135
100,136
100,138
100,139
100,140
100,141
100,142
100,143
100,144
100,145
100,146
100,147
100,150
100,151
100,156
100,158
100,159
100,163
100,168
100,170
100,173
100,174
100,175
100,176
100,177
100,178
100,179
100,184
100,185
100,188
100,189
100,190
100,191
100,193
100,194
100,197
100,199
100,200
101,102
101,103
101,104
101,105
101,108
101,109
101,112
101,117
101,118
101,121
101,122
101,124
101,126
101,128
101,129
101,131
101,134
101,135
101,136
101,138
101,140
101,144
101,145
101,146
101,147
101,149
101,150
101,159
101,161
101,162
101,163
101,164
101,165
101,167
101,168
101,169
101,172
101,173
101,176
101,177
101,178
101,180
101,181
101,183
101,184
101,189
101,191
101,194
101,195
101,196
101,199
102,104
102,105
102,109
102,112
102,124
102,126
102,127
102,131
102,132
102,142
102,144
102,145
102,146
102,147
102,150
102,153
102,154
102,157
102,158
102,160
102,161
102,162
102,163
102,166
102,167
102,170
102,172
102,174
102,175
102,176
102,177
102,178
102,179
102,180
102,182
102,183
102,184
102,185
102,186
102,187
102,188
102,189
102,190
102,191
102,192
102,194
102,196
102,197
102,199
102,200
103,105
103,112
103,113
103,115
103,117
103,122
103,124
103,126
103,129
103,130
103,131
103,132
103,133
103,134
103,137
103,138
103,140
103,141
103,142
103,143
103,144
103,147
103,149
103,150
103,151
103,156
103,157
103,159
103,160
103,162
103,163
103,166
103,167
103,168
103,169
103,172
103,173
103,174
103,177
103,180
103,181
103,184
103,186
103,187
103,189
103,190
103,192
103,195
103,196
103,197
103,198
104,106
104,107
104,108
104,112
104,113
104,114
104,115
104,116
104,118
104,122
104,123
104,124
104,125
104,126
104,127
104,128
104,129
104,130
104,132
104,133
104,136
104,137
104,139
104,140
104,142
104,143
104,144
104,145
104,146
104,147
104,148
104,149
104,154
104,160
104,161
104,162
104,164
104,165
104,167
104,169
104,172
104,178
104,180
104,181
104,185
104,189
104,190
104,191
104,192
104,193
104,197
104,199
104,200
105,107
105,108
105,110
105,114
105,115
105,117
105,118
105,119
105,120
105,122
105,124
105,125
105,127
105,131
105,133
105,136
105,137
105,138
105,141
105,142
105,149
105,150
105,151
105,153
105,155
105,156
105,157
105,162
105,164
105,165
105,170
105,171
105,172
105,176
105,180
105,181
105,183
105,185
105,186
105,187
105,190
105,191
105,192
105,194
105,196
105,198
106,108
106,109
106,110
106,114
106,115
106,119
106,125
106,128
106,130
106,133
106,134
106,135
106,137
106,138
106,139
106,141
106,142
106,144
106,146
106,147
106,148
106,151
106,152
106,153
106,154
106,155
106,156
106,157
106,162
106,167
106,168
106,169
106,171
106,172
106,174
106,175
106,176
106,177
106,178
106,180
106,182
106,183
106,184
106,187
106,189
106,190
106,191
106,192
106,195
106,197
107,108
107,109
107,110
107,113
107,114
107,116
107,118
107,119
107,121
107,123
107,124
107,125
107,128
107,129
107,131
107,132
107,133
107,135
107,136
107,137
107,143
107,144
107,146
107,149
107,150
107,153
107,154
107,155
107,157
107,158
107,159
107,163
107,166
107,167
107,169
107,171
107,172
107,173
107,174
107,176
107,178
107,179
107,180
107,183
107,186
107,188
107,189
107,192
107,194
107,195
107,196
107,198
107,199
108,109
108,110
108,112
108,114
108,115
108,116
108,117
108,118
108,121
108,123
108,124
108,125
108,129
108,134
108,137
108,139
108,142
108,144
108,145
108,148
108,149
108,151
108,152
108,153
108,156
108,158
108,159
108,160
108,161
108,164
108,165
108,166
108,169
108,171
108,174
108,175
108,177
108,178
108,179
108,180
108,182
108,184
108,185
108,186
108,187
108,188
108,189
108,194
108,196
108,199
109,111
109,112
109,115
109,117
109,120
109,121
109,124
109,126
109,127
109,128
109,131
109,132
109,134
109,135
109,136
109,137
109,138
109,140
109,141
109,142
109,143
109,144
109,146
109,147
109,148
109,149
109,152
109,154
109,155
109,156
109,159
109,160
109,174
109,176
109,178
109,179
109,180
109,181
109,182
109,188
109,190
109,191
109,192
109,193
109,196
109,199
110,112
110,113
110,114
110,115
110,116
110,118
110,120
110,122
110,123
110,124
110,126
110,127
110,128
110,129
110,130
110,133
110,134
110,135
110,140
110,141
110,142
110,145
110,146
110,147
110,148
110,149
110,150
110,151
110,153
110,158
110,160
110,161
110,163
110,167
110,170
110,173
110,174
110,176
110,177
110,181
110,183
110,184
110,185
110,187
110,189
110,192
110,194
110,195
110,196
110,200
111,112
111,113
111,117
111,118
111,119
111,124
111,125
111,126
111,127
111,129
111,132
111,134
111,136
111,138
111,140
111,141
111,142
111,143
111,146
111,147
111,148
111,152
111,154
111,155
111,157
111,159
111,163
111,171
111,175
111,177
111,182
111,183
111,184
111,187
111,188
111,189
111,190
111,191
111,192
111,193
111,194
111,196
111,198
111,199
112,114
112,115
112,118
112,119
112,121
112,123
112,126
112,127
112,130
112,131
112,138
112,139
112,140
112,142
112,146
112,147
112,151
112,153
112,154
112,157
112,161
112,165
112,167
112,169
112,170
112,171
112,174
112,176
112,178
112,179
112,185
112,186
112,187
112,188
112,189
112,190
112,192
112,195
112,196
112,197
112,199
112,200
113,114
113,115
113,119
113,123
113,129
113,131
113,140
113,141
113,142
113,148
113,152
113,153
113,158
113,159
113,161
113,162
113,163
113,167
113,168
113,170
113,171
113,174
113,175
113,178
113,179
113,180
113,181
113,183
113,184
113,186
113,187
113,188
113,190
113,192
113,193
113,194
113,195
113,200
114,116
114,117
114,119
114,120
114,124
114,127
114,131
114,133
114,134
114,135
114,140
114,141
114,142
114,145
114,146
114,147
114,148
114,154
114,156
114,159
114,161
114,164
114,165
114,166
114,168
114,170
114,171
114,173
114,176
114,177
114,178
114,179
114,180
114,183
114,185
114,186
114,188
114,190
114,191
114,194
114,197
114,198
114,199
115,116
115,117
115,121
115,122
115,123
115,127
115,129
115,130
115,131
115,132
115,134
115,135
115,137
115,138
115,141
115,146
115,150
115,151
115,153
115,155
115,158
115,160
115,161
115,165
115,166
115,167
115,168
115,172
115,174
115,175
115,176
115,179
115,180
115,184
115,185
115,186
115,188
115,197
115,200
116,119
116,120
116,121
116,122
116,123
116,124
116,125
116,126
116,128
116,129
116,130
116,131
116,136
116,137
116,138
116,142
116,143
116,144
116,146
116,147
116,148
116,150
116,151
116,152
116,157
116,158
116,159
116,162
116,164
116,165
116,166
116,167
116,172
116,174
116,176
116,177
116,181
116,185
116,186
116,187
116,188
116,190
116,192
116,193
116,194
116,196
116,197
116,199
116,200
117,118
117,119
117,120
117,122
117,123
117,130
117,131
117,134
117,136
117,138
117,139
117,141
117,142
117,144
117,149
117,150
117,151
117,152
117,156
117,159
117,162
117,163
117,165
117,166
117,169
117,174
117,176
117,178
117,179
117,181
117,183
117,187
117,189
117,190
117,192
117,196
117,198
117,199
117,200
118,120
118,122
118,124
118,129
118,130
118,132
118,135
118,138
118,139
118,142
118,143
118,145
118,146
118,147
118,148
118,149
118,150
118,152
118,159
118,160
118,161
118,164
118,165
118,167
118,168
118,170
118,171
118,175
118,178
118,180
118,182
118,184
118,185
118,196
118,199
119,120
119,122
119,130
119,132
119,137
119,142
119,143
119,144
119,147
119,148
119,149
119,150
119,151
119,158
119,159
119,160
119,161
119,162
119,165
119,167
119,173
119,174
119,176
119,177
119,178
119,180
119,181
119,184
119,189
119,190
119,193
119,194
119,196
120,124
120,127
120,130
120,131
120,132
120,133
120,134
120,135
120,136
120,138
120,139
120,140
120,144
120,145
120,147
120,150
120,152
120,153
120,157
120,161
120,162
120,163
120,164
120,167
120,168
120,173
120,174
120,176
120,177
120,179
120,180
120,183
120,184
120,187
120,188
120,190
120,191
120,192
120,193
120,199
121,122
121,123
121,124
121,126
121,127
121,130
121,131
121,136
121,139
121,141
121,143
121,147
121,148
121,150
121,152
121,153
121,157
121,161
121,163
121,165
121,166
121,168
121,170
121,173
121,176
121,177
121,178
121,181
121,182
121,183
121,184
121,185
121,187
121,189
121,190
121,192
121,193
121,195
121,196
121,197
121,199
121,200
122,124
122,126
122,127
122,132
122,133
122,134
122,135
122,136
122,138
122,140
122,142
122,146
122,147
122,148
122,149
122,150
122,153
122,154
122,157
122,159
122,160
122,161
122,162
122,166
122,167
122,171
122,173
122,177
122,178
122,184
122,185
122,188
122,189
122,190
122,191
122,192
122,194
122,195
122,197
122,199
122,200
123,124
123,127
123,130
123,132
123,139
123,140
123,142
123,145
123,147
123,148
123,149
123,150
123,152
123,155
123,160
123,161
123,165
123,167
123,171
123,172
123,173
123,175
123,177
123,179
123,182
123,184
123,185
123,186
123,191
123,192
123,193
123,194
123,195
123,196
123,197
123,198
123,199
124,128
124,129
124,131
124,132
124,133
124,134
124,135
124,137
124,144
124,145
124,146
124,149
124,152
124,153
124,154
124,156
124,161
124,163
124,164
124,166
124,169
124,170
124,171
124,173
124,176
124,177
124,179
124,180
124,182
124,184
124,186
124,188
124,189
124,190
124,192
124,193
124,200
125,127
125,129
125,132
125,133
125,136
125,138
125,140
125,141
125,142
125,143
125,146
125,149
125,150
125,152
125,153
125,154
125,155
125,157
125,158
125,159
125,160
125,162
125,167
125,169
125,173
125,179
125,180
125,181
125,182
125,188
125,189
125,190
125,191
125,194
125,196
125,200
126,127
126,134
126,135
126,138
126,140
126,144
126,145
126,147
126,151
126,154
126,155
126,156
126,158
126,159
126,160
126,162
126,164
126,166
126,167
126,168
126,169
126,172
126,173
126,174
126,177
126,179
126,181
126,184
126,185
126,186
126,188
126,191
126,193
126,195
126,196
126,197
126,199
127,131
127,141
127,142
127,143
127,144
127,145
127,146
127,147
127,149
127,150
127,152
127,156
127,159
127,161
127,162
127,163
127,166
127,169
127,171
127,172
127,173
127,174
127,175
127,176
127,180
127,182
127,185
127,187
127,191
127,193
127,196
127,199
128,130
128,131
128,132
128,138
128,139
128,140
128,145
128,147
128,148
128,150
128,151
128,153
128,154
128,156
128,157
128,159
128,161
128,163
128,167
128,168
128,169
128,170
128,171
128,173
128,174
128,175
128,179
128,180
128,184
128,186
128,188
128,191
128,192
128,194
128,195
128,196
128,197
128,198
128,199
129,130
129,132
129,135
129,137
129,139
129,140
129,143
129,144
129,146
129,148
129,150
129,151
129,153
129,155
129,156
129,159
129,160
129,161
129,162
129,167
129,170
129,171
129,172
129,174
129,175
129,177
129,179
129,180
129,183
129,185
129,186
129,194
129,195
129,196
129,197
129,198
129,199
129,200
130,134
130,135
130,137
130,139
130,142
130,143
130,145
130,146
130,149
130,150
130,151
130,155
130,156
130,157
130,159
130,160
130,161
130,162
130,163
130,164
130,165
130,168
130,170
130,171
130,172
130,174
130,176
130,178
130,180
130,183
130,185
130,187
130,189
130,191
130,192
130,194
130,198
130,199
130,200
131,133
131,134
131,135
131,137
131,138
131,141
131,145
131,146
131,148
131,149
131,150
131,151
131,152
131,155
131,156
131,157
131,158
131,159
131,160
131,161
131,163
131,164
131,166
131,167
131,170
131,172
131,174
131,175
131,178
131,180
131,181
131,182
131,184
131,185
131,186
131,187
131,188
131,190
131,192
131,193
131,194
131,195
131,197
131,198
131,200
132,133
132,140
132,142
132,143
132,144
132,147
132,151
132,152
132,154
132,159
132,162
132,163
132,167
132,168
132,170
132,172
132,173
132,174
132,183
132,184
132,186
132,188
132,189
132,191
132,193
132,197
132,198
132,200
133,134
133,135
133,136
133,137
133,138
133,139
133,140
133,142
133,144
133,147
133,152
133,153
133,158
133,160
133,163
133,164
133,166
133,170
133,172
133,174
133,176
133,177
133,180
133,181
133,182
133,183
133,185
133,188
133,189
133,190
133,191
133,194
133,195
133,199
133,200
134,135
134,136
134,144
134,146
134,147
134,152
134,153
134,157
134,158
134,163
134,164
134,165
134,166
134,167
134,169
134,174
134,175
134,176
134,177
134,181
134,182
134,184
134,185
134,186
134,190
134,191
134,195
134,196
134,199
134,200
135,137
135,138
135,140
135,141
135,143
135,144
135,145
135,149
135,151
135,154
135,155
135,156
135,161
135,162
135,164
135,166
135,167
135,168
135,169
135,170
135,171
135,173
135,174
135,175
135,177
135,178
135,182
135,183
135,185
135,186
135,193
135,194
135,197
135,200
136,137
136,140
136,143
136,145
136,146
136,148
136,149
136,150
136,152
136,154
136,157
136,162
136,163
136,167
136,168
136,172
136,173
136,174
136,179
136,182
136,183
136,184
136,185
136,188
136,190
136,192
136,194
136,196
136,199
137,140
137,142
137,143
137,146
137,147
137,148
137,150
137,151
137,152
137,154
137,163
137,168
137,170
137,171
137,173
137,174
137,176
137,177
137,179
137,181
137,182
137,184
137,185
137,186
137,187
137,188
137,191
137,192
137,193
137,198
137,199
138,139
138,140
138,144
138,151
138,156
138,158
138,159
138,162
138,163
138,166
138,167
138,169
138,171
138,174
138,177
138,178
138,180
138,183
138,184
138,185
138,193
138,194
138,195
138,197
138,198
138,199
139,140
139,141
139,144
139,145
139,148
139,149
139,150
139,152
139,154
139,156
139,161
139,162
139,163
139,164
139,165
139,167
139,168
139,169
139,173
139,175
139,177
139,178
139,180
139,181
139,184
139,187
139,190
139,191
139,192
139,193
139,194
139,197
139,198
139,200
140,143
140,144
140,149
140,150
140,151
140,153
140,155
140,157
140,158
140,159
140,161
140,162
140,163
140,165
140,169
140,170
140,171
140,176
140,177
140,178
140,179
140,183
140,184
140,186
140,188
140,191
140,192
140,194
140,195
140,196
140,198
140,199
141,145
141,146
141,148
141,150
141,153
141,155
141,159
141,160
141,161
141,162
141,164
141,165
141,166
141,168
141,169
141,170
141,171
141,172
141,174
141,176
141,180
141,181
141,182
141,184
141,189
141,190
141,191
141,192
141,195
141,196
141,197
141,200
142,145
142,146
142,148
142,150
142,153
142,155
142,157
142,160
142,162
142,166
142,167
142,168
142,170
142,173
142,174
142,175
142,177
142,180
142,182
142,183
142,186
142,189
142,190
142,196
142,200
143,144
143,145
143,146
143,147
143,152
143,153
143,156
143,157
143,158
143,160
143,161
143,162
143,163
143,164
143,166
143,167
143,168
143,171
143,172
143,173
143,175
143,177
143,178
143,179
143,180
143,182
143,184
143,185
143,186
143,187
143,190
143,191
143,195
143,196
143,197
143,198
143,199
144,146
144,147
144,148
144,150
144,151
144,152
144,154
144,156
144,159
144,161
144,163
144,164
144,166
144,167
144,169
144,176
144,177
144,178
144,179
144,181
144,182
144,183
144,185
144,187
144,191
144,196
144,197
144,198
145,149
145,150
145,152
145,156
145,159
145,161
145,162
145,165
145,171
145,172
145,174
145,176
145,180
145,181
145,188
145,189
145,190
145,192
145,195
145,196
145,200
146,147
146,148
146,151
146,153
146,162
146,163
146,164
146,166
146,167
146,171
146,172
146,173
146,174
146,176
146,178
146,181
146,185
146,188
146,191
146,192
146,196
146,197
147,152
147,153
147,156
147,157
147,158
147,159
147,160
147,161
147,162
147,163
147,166
147,168
147,169
147,172
147,174
147,178
147,179
147,180
147,181
147,182
147,183
147,186
147,189
147,190
147,195
147,196
148,150
148,151
148,152
148,157
148,159
148,160
148,163
148,165
148,168
148,169
148,171
148,175
148,176
148,177
148,182
148,184
148,186
148,190
148,191
148,192
148,193
148,194
148,195
148,197
148,200
149,151
149,153
149,154
149,155
149,159
149,164
149,165
149,166
149,168
149,169
149,170
149,171
149,173
149,176
149,179
149,180
149,183
149,185
149,186
149,187
149,189
149,191
149,192
149,199
150,154
150,155
150,156
150,158
150,160
150,161
150,162
150,163
150,166
150,167
150,168
150,169
150,170
150,171
150,173
150,174
150,177
150,180
150,181
150,182
150,183
150,187
150,191
150,192
150,193
150,197
150,198
150,200
151,152
151,153
151,155
151,156
151,158
151,159
151,160
151,161
151,166
151,171
151,177
151,179
151,182
151,187
151,189
151,191
151,196
151,197
151,200
152,153
152,155
152,156
152,158
152,162
152,163
152,164
152,167
152,172
152,174
152,179
152,181
152,183
152,184
152,187
152,193
152,194
152,196
152,198
152,199
153,154
153,155
153,160
153,161
153,163
153,166
153,167
153,169
153,170
153,171
153,173
153,175
153,176
153,177
153,178
153,180
153,182
153,183
153,184
153,187
153,193
153,194
153,195
153,199
154,155
154,156
154,157
154,158
154,159
154,160
154,161
154,164
154,165
154,166
154,168
154,169
154,171
154,175
154,178
154,179
154,181
154,184
154,188
154,190
154,192
154,196
155,156
155,157
155,158
155,160
155,161
155,162
155,164
155,166
155,168
155,170
155,171
155,174
155,175
155,177
155,184
155,185
155,190
155,192
155,193
155,194
155,195
155,196
155,197
155,198
155,200
156,159
156,165
156,166
156,169
156,170
156,171
156,173
156,176
156,179
156,180
156,181
156,183
156,188
156,189
156,190
156,192
156,193
156,195
156,197
156,198
156,199
156,200
157,159
157,161
157,164
157,165
157,167
157,169
157,172
157,175
157,176
157,179
157,180
157,182
157,183
157,185
157,186
157,189
157,193
157,194
157,197
157,198
157,200
158,161
158,162
158,163
158,166
158,167
158,168
158,169
158,170
158,172
158,174
158,175
158,179
158,180
158,185
158,187
158,188
158,189
158,190
158,191
158,192
158,195
158,196
158,198
158,200
159,161
159,163
159,164
159,165
159,167
159,168
159,169
159,170
159,171
159,173
159,174
159,175
159,179
159,181
159,182
159,183
159,184
159,188
159,191
159,196
159,197
159,200
160,162
160,163
160,165
160,166
160,168
160,171
160,179
160,180
160,181
160,183
160,193
160,199
161,164
161,166
161,167
161,169
161,174
161,175
161,181
161,183
161,184
161,186
161,189
161,190
161,191
161,193
161,195
161,198
161,200
162,167
162,172
162,173
162,176
162,177
162,178
162,183
162,185
162,187
162,189
162,192
162,194
162,195
162,197
162,198
162,199
162,200
163,165
163,166
163,167
163,168
163,170
163,171
163,172
163,173
163,174
163,175
163,176
163,178
163,179
163,180
163,183
163,184
163,185
163,187
163,188
163,189
163,195
163,198
164,165
164,166
164,170
164,172
164,174
164,175
164,177
164,179
164,180
164,182
164,183
164,184
164,186
164,187
164,188
164,190
164,192
164,194
164,200
165,173
165,176
165,178
165,181
165,182
165,184
165,185
165,186
165,187
165,189
165,191
165,194
165,196
165,198
166,167
166,169
166,171
166,172
166,173
166,174
166,175
166,176
166,178
166,179
166,180
166,181
166,183
166,185
166,186
166,187
166,190
166,193
166,195
166,197
167,168
167,171
167,173
167,174
167,182
167,184
167,185
167,193
167,194
167,197
167,199
167,200
168,169
168,170
168,172
168,173
168,174
168,175
168,180
168,181
168,190
168,193
168,194
168,197
168,198
169,170
169,171
169,172
169,178
169,179
169,180
169,183
169,184
169,185
169,186
169,187
169,188
169,191
169,192
169,193
169,194
169,195
169,196
169,197
169,199
169,200
170,172
170,174
170,175
170,179
170,182
170,186
170,187
170,188
170,195
170,196
170,198
170,199
171,176
171,178
171,181
171,182
171,184
171,188
171,189
171,190
171,191
171,195
171,197
171,198
171,200
172,174
172,177
172,178
172,179
172,181
172,183
172,188
172,191
172,193
172,197
172,198
173,177
173,179
173,180
173,181
173,183
173,186
173,187
173,190
173,193
173,194
173,195
173,196
173,198
173,199
174,175
174,176
174,177
174,178
174,180
174,182
174,183
174,184
174,185
174,186
174,187
174,189
174,190
174,191
174,192
174,195
174,196
174,198
174,199
175,176
175,177
175,178
175,179
175,182
175,183
175,185
175,186
175,187
175,188
175,189
175,192
175,195
175,196
175,198
175,199
176,178
176,180
176,181
176,182
176,183
176,184
176,185
176,186
176,187
176,188
176,190
176,193
176,194
176,195
177,179
177,182
177,185
177,187
177,189
177,190
177,192
177,193
177,195
177,196
177,197
177,199
178,180
178,181
178,183
178,189
178,190
178,191
178,194
178,196
178,197
178,200
179,180
179,181
179,183
179,185
179,186
179,189
179,190
179,192
179,193
179,194
179,195
179,196
179,199
180,182
180,185
180,186
180,187
180,189
180,191
180,193
180,195
180,196
180,197
180,199
181,183
181,185
181,187
181,188
181,191
181,194
181,195
181,197
181,198
181,200
182,183
182,184
182,186
182,189
182,192
182,194
182,195
183,184
183,185
183,190
183,195
183,196
183,197
183,198
183,199
184,185
184,188
184,189
184,190
184,192
184,193
184,195
184,196
184,199
185,190
185,193
185,196
185,197
185,198
185,199
186,188
186,189
186,190
186,191
186,193
186,196
186,198
187,188
187,189
187,192
187,195
187,196
188,192
188,193
188,194
188,195
188,196
188,200
189,194
189,196
189,198
189,200
190,191
190,193
190,194
190,195
190,196
190,197
190,199
190,200
191,192
191,194
191,197
191,199
191,200
192,193
192,194
192,195
192,200
193,194
193,195
193,198
194,198
195,197
195,198
196,198
197,198
197,200
198,199
198,200
199,200
