150
75
5587
1,19
2,62
3,64
4,8
5,12
6,38
7,74
8,65
9,44
10,25
11,20
12,3
13,56
14,18
15,75
16,58
17,55
18,10
19,65
20,70
21,73
22,51
23,60
24,63
25,25
26,62
27,46
28,30
29,3
30,21
31,9
32,6
33,13
34,31
35,7
36,10
37,60
38,20
39,39
40,11
41,18
42,25
43,52
44,7
45,16
46,35
47,37
48,23
49,34
50,43
51,72
52,57
53,2
54,14
55,21
56,70
57,49
58,71
59,40
60,29
61,61
62,74
63,42
64,1
65,27
66,17
67,69
68,42
69,32
70,46
71,10
72,49
73,47
74,41
75,24
76,63
77,69
78,68
79,38
80,72
81,59
82,35
83,42
84,26
85,54
86,37
87,7
88,53
89,16
90,12
91,60
92,52
93,6
94,74
95,31
96,33
97,55
98,23
99,4
100,44
101,22
102,34
103,67
104,70
105,25
106,26
107,21
108,40
109,20
110,61
111,36
112,8
113,73
114,20
115,14
116,41
117,15
118,12
119,61
120,38
121,46
122,9
123,52
124,70
125,16
126,67
127,66
128,63
129,45
130,7
131,22
132,52
133,29
134,28
135,5
136,50
137,51
138,67
139,19
140,48
141,69
142,10
143,27
144,29
145,45
146,56
147,4
148,31
149,22
150,63
1,8
1,9
1,12
1,14
1,15
1,16
1,17
1,18
1,19
1,21
1,23
1,24
1,28
1,30
1,33
1,34
1,38
1,41
1,42
1,43
1,46
1,48
1,49
1,51
1,52
1,55
1,57
1,59
1,62
1,63
1,64
1,65
1,69
1,70
1,72
1,74
1,75
1,79
1,80
1,82
1,85
1,86
1,88
1,90
1,91
1,92
1,93
1,95
1,96
1,98
1,99
1,102
1,103
1,104
1,105
1,108
1,109
1,112
1,119
1,120
1,122
1,124
1,128
1,130
1,131
1,132
1,133
1,134
1,135
1,136
1,137
1,138
1,140
1,141
1,142
1,143
1,144
1,145
1,146
1,148
2,4
2,6
2,7
2,9
2,11
2,12
2,13
2,14
2,15
2,17
2,18
2,20
2,21
2,22
2,23
2,24
2,26
2,27
2,31
2,32
2,33
2,34
2,36
2,37
2,39
2,40
2,44
2,45
2,47
2,51
2,55
2,56
2,57
2,61
2,62
2,63
2,66
2,67
2,69
2,71
2,72
2,73
2,74
2,75
2,77
2,79
2,80
2,85
2,87
2,88
2,92
2,94
2,95
2,98
2,99
2,101
2,106
2,107
2,108
2,109
2,112
2,113
2,115
2,116
2,117
2,119
2,120
2,124
2,127
2,129
2,130
2,133
2,134
2,141
2,144
2,145
2,146
2,149
3,4
3,5
3,6
3,7
3,10
3,11
3,12
3,13
3,15
3,19
3,24
3,27
3,28
3,30
3,31
3,32
3,34
3,35
3,37
3,38
3,40
3,45
3,46
3,47
3,48
3,49
3,50
3,54
3,55
3,57
3,58
3,60
3,61
3,63
3,64
3,67
3,68
3,73
3,74
3,78
3,79
3,81
3,83
3,84
3,86
3,88
3,89
3,93
3,94
3,95
3,96
3,99
3,101
3,106
3,107
3,109
3,110
3,111
3,115
3,116
3,119
3,120
3,122
3,127
3,130
3,132
3,133
3,135
3,138
3,141
3,142
3,143
3,145
3,147
3,148
3,149
3,150
4,6
4,7
4,9
4,12
4,14
4,15
4,16
4,17
4,20
4,21
4,22
4,24
4,25
4,26
4,28
4,30
4,32
4,33
4,34
4,35
4,36
4,37
4,39
4,41
4,43
4,45
4,52
4,54
4,55
4,56
4,57
4,59
4,61
4,62
4,65
4,66
4,67
4,70
4,71
4,72
4,73
4,74
4,75
4,76
4,77
4,78
4,83
4,86
4,88
4,93
4,94
4,102
4,103
4,104
4,106
4,108
4,109
4,110
4,114
4,117
4,118
4,122
4,123
4,125
4,126
4,128
4,129
4,130
4,133
4,134
4,135
4,140
4,141
4,143
4,144
4,145
4,146
4,147
4,148
4,149
5,8
5,10
5,13
5,15
5,18
5,19
5,21
5,24
5,27
5,28
5,30
5,31
5,32
5,33
5,34
5,35
5,39
5,40
5,42
5,44
5,45
5,48
5,49
5,50
5,52
5,53
5,54
5,55
5,57
5,58
5,60
5,62
5,64
5,66
5,67
5,68
5,69
5,71
5,74
5,76
5,79
5,80
5,81
5,84
5,89
5,90
5,92
5,95
5,96
5,97
5,98
5,99
5,106
5,110
5,111
5,113
5,115
5,117
5,118
5,120
5,125
5,126
5,129
5,131
5,135
5,138
5,142
5,144
5,146
5,147
5,149
5,150
6,8
6,9
6,10
6,19
6,20
6,21
6,22
6,23
6,29
6,30
6,33
6,34
6,35
6,38
6,44
6,45
6,47
6,50
6,54
6,56
6,57
6,59
6,60
6,65
6,69
6,72
6,73
6,75
6,80
6,81
6,82
6,83
6,84
6,86
6,95
6,96
6,97
6,101
6,102
6,103
6,105
6,106
6,109
6,112
6,113
6,115
6,117
6,118
6,119
6,120
6,122
6,123
6,127
6,129
6,130
6,134
6,135
6,136
6,137
6,144
6,147
6,149
6,150
7,9
7,15
7,20
7,22
7,23
7,24
7,25
7,26
7,27
7,28
7,30
7,33
7,34
7,35
7,36
7,41
7,43
7,44
7,45
7,46
7,47
7,49
7,52
7,53
7,54
7,56
7,58
7,60
7,64
7,66
7,69
7,73
7,75
7,76
7,77
7,79
7,80
7,81
7,82
7,83
7,85
7,89
7,90
7,91
7,92
7,93
7,94
7,96
7,98
7,99
7,101
7,108
7,109
7,110
7,113
7,114
7,115
7,116
7,118
7,119
7,121
7,125
7,126
7,127
7,128
7,129
7,131
7,135
7,136
7,137
7,140
7,141
7,142
7,145
7,146
7,147
7,148
7,149
8,9
8,13
8,14
8,20
8,22
8,23
8,24
8,25
8,27
8,28
8,30
8,32
8,35
8,36
8,37
8,38
8,39
8,41
8,42
8,44
8,48
8,50
8,51
8,52
8,54
8,55
8,57
8,61
8,62
8,63
8,64
8,65
8,66
8,68
8,72
8,75
8,76
8,78
8,81
8,82
8,83
8,85
8,87
8,88
8,89
8,90
8,91
8,92
8,94
8,96
8,99
8,103
8,106
8,107
8,108
8,110
8,111
8,113
8,115
8,116
8,117
8,119
8,120
8,122
8,123
8,129
8,130
8,133
8,135
8,137
8,138
8,139
8,140
8,142
8,143
8,145
8,146
8,148
8,150
9,10
9,11
9,12
9,13
9,15
9,17
9,23
9,26
9,27
9,29
9,30
9,31
9,35
9,39
9,41
9,44
9,45
9,46
9,48
9,49
9,50
9,52
9,55
9,57
9,58
9,59
9,67
9,68
9,70
9,73
9,75
9,76
9,78
9,79
9,80
9,82
9,83
9,86
9,88
9,89
9,90
9,91
9,92
9,94
9,95
9,97
9,99
9,100
9,102
9,103
9,104
9,105
9,106
9,107
9,110
9,112
9,115
9,117
9,118
9,120
9,121
9,125
9,126
9,127
9,129
9,130
9,131
9,132
9,133
9,135
9,138
9,139
9,142
9,146
9,147
9,148
9,149
10,12
10,13
10,14
10,16
10,17
10,20
10,21
10,23
10,28
10,29
10,33
10,37
10,38
10,39
10,41
10,42
10,43
10,47
10,50
10,52
10,53
10,55
10,58
10,60
10,61
10,62
10,63
10,65
10,68
10,70
10,72
10,73
10,75
10,77
10,78
10,79
10,80
10,82
10,84
10,85
10,86
10,88
10,96
10,97
10,99
10,100
10,101
10,108
10,110
10,111
10,112
10,113
10,114
10,115
10,119
10,120
10,122
10,124
10,126
10,127
10,128
10,129
10,133
10,136
10,137
10,138
10,140
10,141
10,142
10,145
10,146
10,150
11,13
11,14
11,15
11,17
11,18
11,22
11,23
11,25
11,26
11,27
11,30
11,32
11,34
11,36
11,37
11,43
11,44
11,46
11,47
11,48
11,49
11,51
11,53
11,54
11,60
11,63
11,64
11,65
11,66
11,67
11,68
11,69
11,70
11,74
11,75
11,80
11,81
11,84
11,86
11,89
11,91
11,93
11,94
11,101
11,102
11,105
11,108
11,111
11,113
11,114
11,118
11,119
11,120
11,122
11,123
11,127
11,128
11,131
11,135
11,136
11,140
11,141
11,143
11,144
11,148
11,149
12,13
12,14
12,16
12,22
12,23
12,24
12,25
12,26
12,27
12,31
12,32
12,39
12,40
12,43
12,44
12,45
12,47
12,48
12,50
12,51
12,54
12,55
12,59
12,60
12,61
12,65
12,66
12,67
12,69
12,71
12,72
12,77
12,78
12,79
12,80
12,81
12,87
12,89
12,91
12,95
12,98
12,99
12,100
12,101
12,102
12,103
12,104
12,109
12,110
12,112
12,115
12,118
12,119
12,120
12,121
12,129
12,134
12,138
12,139
12,140
12,142
12,143
12,146
12,147
12,148
12,149
12,150
13,16
13,18
13,19
13,20
13,26
13,27
13,31
13,33
13,34
13,36
13,37
13,39
13,40
13,42
13,45
13,46
13,47
13,48
13,50
13,52
13,53
13,55
13,57
13,60
13,61
13,63
13,67
13,68
13,69
13,70
13,71
13,72
13,74
13,75
13,76
13,80
13,86
13,89
13,90
13,91
13,92
13,93
13,94
13,96
13,97
13,101
13,102
13,107
13,112
13,116
13,117
13,118
13,119
13,122
13,123
13,124
13,126
13,127
13,128
13,129
13,130
13,131
13,134
13,135
13,136
13,138
13,141
13,148
14,17
14,18
14,22
14,24
14,26
14,28
14,31
14,32
14,36
14,40
14,41
14,43
14,45
14,47
14,49
14,50
14,51
14,52
14,54
14,56
14,57
14,59
14,60
14,61
14,65
14,66
14,67
14,68
14,70
14,73
14,75
14,76
14,77
14,79
14,81
14,82
14,84
14,86
14,88
14,92
14,93
14,95
14,96
14,97
14,98
14,99
14,105
14,110
14,116
14,119
14,121
14,122
14,125
14,128
14,129
14,130
14,132
14,133
14,134
14,135
14,138
14,139
14,142
14,144
14,147
15,16
15,18
15,19
15,22
15,25
15,26
15,29
15,32
15,33
15,36
15,40
15,43
15,44
15,45
15,47
15,49
15,51
15,52
15,53
15,54
15,55
15,57
15,59
15,63
15,65
15,66
15,67
15,68
15,69
15,70
15,72
15,73
15,74
15,75
15,77
15,79
15,80
15,86
15,89
15,92
15,93
15,94
15,97
15,101
15,102
15,104
15,105
15,106
15,107
15,109
15,111
15,113
15,115
15,117
15,123
15,127
15,130
15,133
15,135
15,146
15,147
15,148
15,150
16,17
16,18
16,19
16,22
16,23
16,24
16,26
16,31
16,35
16,38
16,39
16,40
16,42
16,45
16,46
16,53
16,55
16,56
16,60
16,61
16,63
16,66
16,68
16,69
16,72
16,73
16,75
16,76
16,77
16,78
16,79
16,80
16,81
16,83
16,85
16,86
16,87
16,88
16,90
16,91
16,92
16,93
16,98
16,101
16,102
16,103
16,104
16,107
16,108
16,109
16,111
16,114
16,115
16,116
16,119
16,120
16,123
16,124
16,125
16,129
16,130
16,131
16,132
16,133
16,134
16,135
16,136
16,137
16,139
16,142
16,143
16,145
16,146
16,147
16,148
16,150
17,18
17,19
17,20
17,21
17,22
17,24
17,26
17,29
17,32
17,34
17,35
17,36
17,38
17,39
17,43
17,46
17,50
17,56
17,57
17,59
17,60
17,61
17,62
17,64
17,68
17,71
17,74
17,75
17,77
17,78
17,79
17,81
17,84
17,89
17,92
17,97
17,98
17,101
17,103
17,104
17,106
17,108
17,109
17,113
17,114
17,115
17,117
17,120
17,124
17,127
17,131
17,132
17,135
17,136
17,137
17,138
17,140
17,141
17,142
17,144
17,146
17,147
17,150
18,19
18,22
18,23
18,26
18,29
18,30
18,31
18,33
18,34
18,36
18,37
18,38
18,39
18,40
18,41
18,45
18,48
18,51
18,60
18,61
18,62
18,65
18,67
18,68
18,71
18,72
18,79
18,80
18,81
18,83
18,85
18,89
18,90
18,92
18,95
18,96
18,98
18,99
18,100
18,102
18,104
18,105
18,109
18,111
18,113
18,114
18,119
18,120
18,121
18,122
18,126
18,127
18,128
18,129
18,133
18,136
18,138
18,139
18,140
18,143
18,147
18,148
18,149
19,23
19,24
19,25
19,27
19,29
19,30
19,32
19,33
19,34
19,35
19,37
19,38
19,39
19,40
19,41
19,42
19,43
19,45
19,47
19,49
19,50
19,52
19,55
19,56
19,57
19,58
19,62
19,63
19,64
19,66
19,70
19,71
19,72
19,73
19,74
19,76
19,77
19,79
19,80
19,81
19,83
19,85
19,86
19,87
19,90
19,91
19,93
19,96
19,98
19,100
19,104
19,106
19,107
19,110
19,117
19,119
19,120
19,123
19,126
19,129
19,131
19,133
19,138
19,140
19,145
19,146
19,147
19,149
20,21
20,22
20,24
20,25
20,26
20,27
20,32
20,33
20,34
20,36
20,37
20,38
20,39
20,41
20,43
20,44
20,46
20,50
20,52
20,53
20,54
20,55
20,56
20,59
20,62
20,63
20,64
20,68
20,73
20,76
20,77
20,78
20,79
20,80
20,82
20,83
20,85
20,87
20,88
20,89
20,90
20,91
20,94
20,95
20,96
20,99
20,102
20,103
20,106
20,109
20,112
20,113
20,116
20,117
20,118
20,120
20,121
20,124
20,126
20,130
20,131
20,137
20,139
20,140
20,141
20,146
20,148
20,149
21,27
21,28
21,29
21,35
21,36
21,37
21,38
21,40
21,41
21,43
21,44
21,45
21,46
21,48
21,49
21,50
21,51
21,56
21,57
21,58
21,59
21,62
21,65
21,66
21,68
21,70
21,71
21,72
21,75
21,76
21,78
21,79
21,82
21,83
21,84
21,86
21,89
21,90
21,91
21,93
21,94
21,95
21,99
21,101
21,102
21,105
21,106
21,107
21,109
21,110
21,111
21,113
21,114
21,115
21,116
21,117
21,118
21,119
21,120
21,121
21,123
21,126
21,127
21,128
21,130
21,132
21,135
21,138
21,139
21,141
21,143
21,144
21,146
21,150
22,23
22,24
22,26
22,29
22,32
22,33
22,35
22,36
22,37
22,40
22,45
22,50
22,53
22,55
22,57
22,58
22,60
22,61
22,63
22,67
22,68
22,69
22,70
22,71
22,77
22,79
22,80
22,81
22,83
22,86
22,87
22,89
22,90
22,91
22,95
22,98
22,104
22,105
22,106
22,109
22,113
22,114
22,115
22,116
22,120
22,128
22,129
22,130
22,132
22,138
22,141
22,142
22,143
22,149
22,150
23,27
23,28
23,29
23,31
23,36
23,37
23,38
23,39
23,40
23,41
23,42
23,44
23,45
23,46
23,47
23,48
23,49
23,50
23,51
23,56
23,59
23,60
23,62
23,63
23,64
23,67
23,68
23,69
23,70
23,74
23,76
23,78
23,83
23,84
23,88
23,89
23,91
23,92
23,94
23,95
23,98
23,99
23,100
23,102
23,103
23,104
23,106
23,111
23,112
23,115
23,121
23,122
23,123
23,127
23,130
23,134
23,137
23,138
23,139
23,140
23,142
23,143
23,144
23,145
23,148
23,150
24,26
24,27
24,28
24,33
24,34
24,39
24,40
24,41
24,45
24,47
24,50
24,51
24,53
24,61
24,64
24,65
24,66
24,69
24,70
24,72
24,73
24,76
24,77
24,80
24,81
24,82
24,84
24,85
24,87
24,88
24,89
24,90
24,91
24,92
24,93
24,98
24,99
24,106
24,109
24,111
24,114
24,115
24,120
24,121
24,123
24,124
24,131
24,133
24,138
24,140
24,141
24,143
24,145
24,146
24,147
24,149
24,150
25,26
25,27
25,29
25,30
25,32
25,33
25,34
25,35
25,36
25,37
25,38
25,39
25,40
25,41
25,42
25,47
25,48
25,53
25,54
25,56
25,58
25,59
25,60
25,62
25,63
25,64
25,65
25,68
25,69
25,71
25,73
25,74
25,76
25,79
25,81
25,82
25,84
25,85
25,87
25,88
25,89
25,92
25,93
25,95
25,97
25,98
25,100
25,101
25,102
25,103
25,105
25,108
25,109
25,111
25,112
25,113
25,115
25,116
25,118
25,119
25,121
25,124
25,127
25,129
25,131
25,132
25,136
25,137
25,143
25,145
25,146
25,147
25,149
25,150
26,28
26,30
26,33
26,35
26,36
26,37
26,38
26,39
26,43
26,44
26,45
26,46
26,48
26,50
26,51
26,53
26,55
26,57
26,60
26,62
26,63
26,64
26,68
26,69
26,72
26,74
26,79
26,80
26,82
26,87
26,88
26,89
26,93
26,96
26,97
26,99
26,101
26,102
26,103
26,104
26,106
26,107
26,109
26,113
26,114
26,115
26,116
26,118
26,119
26,120
26,122
26,124
26,125
26,126
26,128
26,130
26,134
26,139
26,140
26,141
26,142
26,143
26,144
26,145
26,147
26,148
26,149
27,28
27,31
27,32
27,35
27,36
27,38
27,40
27,41
27,43
27,44
27,45
27,47
27,48
27,51
27,55
27,56
27,58
27,59
27,60
27,61
27,62
27,65
27,67
27,69
27,70
27,72
27,74
27,75
27,77
27,79
27,80
27,86
27,87
27,88
27,93
27,94
27,95
27,96
27,99
27,100
27,106
27,109
27,110
27,113
27,114
27,116
27,118
27,119
27,120
27,121
27,124
27,125
27,126
27,128
27,130
27,131
27,133
27,135
27,145
27,150
28,30
28,31
28,34
28,35
28,37
28,42
28,44
28,50
28,52
28,53
28,55
28,57
28,58
28,59
28,60
28,63
28,64
28,66
28,67
28,68
28,69
28,71
28,72
28,73
28,77
28,78
28,79
28,80
28,81
28,86
28,87
28,89
28,91
28,92
28,98
28,99
28,100
28,104
28,108
28,111
28,112
28,113
28,114
28,118
28,119
28,120
28,123
28,127
28,128
28,129
28,134
28,136
28,137
28,139
28,140
28,141
28,142
28,146
29,30
29,31
29,33
29,35
29,36
29,40
29,41
29,43
29,44
29,46
29,49
29,53
29,55
29,56
29,57
29,58
29,59
29,61
29,62
29,63
29,64
29,66
29,69
29,70
29,73
29,77
29,78
29,79
29,80
29,81
29,82
29,84
29,85
29,86
29,88
29,92
29,93
29,94
29,96
29,103
29,106
29,108
29,110
29,112
29,114
29,115
29,119
29,121
29,122
29,126
29,127
29,128
29,131
29,132
29,133
29,134
29,135
29,136
29,139
29,144
29,146
30,31
30,32
30,33
30,34
30,36
30,38
30,39
30,40
30,43
30,45
30,46
30,47
30,49
30,50
30,52
30,53
30,54
30,57
30,59
30,61
30,63
30,65
30,67
30,68
30,73
30,74
30,76
30,77
30,79
30,82
30,84
30,85
30,86
30,87
30,88
30,89
30,91
30,95
30,97
30,104
30,106
30,108
30,109
30,110
30,112
30,114
30,115
30,119
30,121
30,124
30,127
30,130
30,131
30,132
30,133
30,134
30,140
30,141
30,144
30,145
30,146
30,148
30,150
31,32
31,34
31,35
31,37
31,39
31,40
31,42
31,43
31,45
31,48
31,51
31,53
31,54
31,56
31,58
31,59
31,66
31,67
31,68
31,69
31,70
31,72
31,73
31,74
31,76
31,81
31,82
31,84
31,87
31,89
31,90
31,91
31,92
31,93
31,94
31,95
31,96
31,97
31,99
31,100
31,101
31,103
31,104
31,105
31,107
31,108
31,112
31,114
31,116
31,121
31,122
31,123
31,124
31,127
31,129
31,130
31,131
31,133
31,139
31,141
31,143
31,144
31,145
31,146
31,148
32,36
32,39
32,40
32,41
32,42
32,44
32,46
32,47
32,48
32,51
32,55
32,56
32,57
32,58
32,60
32,61
32,63
32,65
32,66
32,67
32,68
32,73
32,76
32,79
32,80
32,87
32,90
32,92
32,93
32,98
32,100
32,101
32,103
32,104
32,109
32,110
32,114
32,115
32,119
32,120
32,121
32,123
32,126
32,127
32,130
32,131
32,135
32,136
32,140
32,142
32,145
32,146
32,150
33,37
33,39
33,40
33,46
33,51
33,52
33,56
33,59
33,60
33,61
33,62
33,65
33,67
33,68
33,69
33,70
33,72
33,73
33,76
33,79
33,80
33,87
33,89
33,90
33,91
33,93
33,94
33,96
33,97
33,99
33,100
33,102
33,105
33,106
33,107
33,108
33,110
33,111
33,112
33,114
33,115
33,116
33,117
33,120
33,122
33,123
33,125
33,126
33,128
33,133
33,134
33,135
33,138
33,139
33,140
33,142
33,146
33,147
34,36
34,37
34,42
34,43
34,44
34,45
34,46
34,47
34,50
34,51
34,56
34,58
34,59
34,60
34,61
34,67
34,73
34,76
34,79
34,83
34,90
34,94
34,98
34,99
34,100
34,105
34,107
34,112
34,116
34,119
34,120
34,123
34,127
34,129
34,138
34,139
34,142
34,144
34,146
34,147
34,148
34,150
35,37
35,38
35,39
35,41
35,44
35,45
35,48
35,52
35,53
35,54
35,55
35,60
35,64
35,66
35,68
35,69
35,71
35,72
35,73
35,75
35,76
35,80
35,83
35,85
35,89
35,91
35,92
35,96
35,98
35,99
35,100
35,102
35,104
35,105
35,110
35,111
35,112
35,114
35,115
35,117
35,128
35,130
35,131
35,133
35,136
35,138
35,139
35,141
35,142
35,143
35,144
35,145
35,146
35,148
35,149
35,150
36,37
36,39
36,41
36,42
36,45
36,46
36,47
36,52
36,53
36,55
36,61
36,62
36,63
36,64
36,68
36,69
36,72
36,74
36,78
36,79
36,81
36,82
36,83
36,84
36,86
36,89
36,91
36,92
36,95
36,96
36,98
36,99
36,100
36,102
36,105
36,106
36,108
36,109
36,110
36,113
36,117
36,118
36,124
36,126
36,127
36,132
36,134
36,137
36,141
36,143
36,145
36,146
36,149
36,150
37,43
37,44
37,45
37,46
37,47
37,49
37,50
37,52
37,56
37,57
37,59
37,60
37,62
37,64
37,66
37,67
37,70
37,71
37,72
37,73
37,74
37,76
37,77
37,78
37,79
37,80
37,81
37,82
37,83
37,85
37,87
37,91
37,92
37,93
37,105
37,107
37,108
37,109
37,114
37,118
37,120
37,122
37,123
37,125
37,128
37,129
37,133
37,134
37,135
37,136
37,138
37,140
37,142
37,143
37,145
37,146
37,147
37,149
38,39
38,41
38,42
38,43
38,44
38,46
38,48
38,50
38,54
38,55
38,58
38,59
38,61
38,63
38,64
38,67
38,71
38,73
38,76
38,77
38,78
38,79
38,81
38,82
38,85
38,87
38,88
38,96
38,98
38,100
38,103
38,106
38,108
38,109
38,111
38,112
38,116
38,119
38,120
38,122
38,124
38,125
38,127
38,130
38,131
38,132
38,133
38,138
38,142
38,143
38,145
38,149
39,41
39,42
39,43
39,44
39,45
39,46
39,47
39,50
39,51
39,54
39,56
39,59
39,60
39,64
39,65
39,66
39,68
39,73
39,74
39,76
39,78
39,79
39,80
39,83
39,87
39,89
39,91
39,95
39,96
39,99
39,100
39,101
39,102
39,106
39,114
39,115
39,118
39,119
39,120
39,123
39,127
39,128
39,131
39,132
39,134
39,135
39,137
39,139
39,140
39,141
39,142
39,144
39,145
39,146
39,148
40,41
40,43
40,44
40,47
40,48
40,49
40,51
40,52
40,53
40,54
40,55
40,57
40,60
40,64
40,65
40,66
40,68
40,69
40,71
40,72
40,73
40,75
40,77
40,78
40,82
40,84
40,85
40,87
40,88
40,89
40,90
40,92
40,93
40,94
40,95
40,98
40,100
40,102
40,103
40,108
40,112
40,113
40,115
40,117
40,118
40,121
40,125
40,126
40,129
40,132
40,134
40,135
40,138
40,141
40,142
40,146
40,148
40,149
41,42
41,44
41,46
41,48
41,49
41,50
41,52
41,54
41,56
41,57
41,59
41,60
41,61
41,62
41,65
41,66
41,67
41,69
41,70
41,71
41,73
41,74
41,76
41,77
41,78
41,80
41,81
41,84
41,87
41,90
41,93
41,94
41,99
41,101
41,102
41,106
41,108
41,110
41,112
41,116
41,118
41,119
41,120
41,121
41,122
41,123
41,129
41,130
41,131
41,133
41,139
41,142
41,143
41,144
42,46
42,49
42,55
42,60
42,63
42,64
42,65
42,66
42,68
42,69
42,72
42,74
42,77
42,78
42,79
42,80
42,82
42,86
42,87
42,92
42,93
42,96
42,97
42,99
42,100
42,102
42,104
42,106
42,114
42,117
42,123
42,124
42,126
42,127
42,131
42,133
42,135
42,137
42,139
42,142
42,144
42,145
42,146
42,147
42,148
43,44
43,45
43,50
43,52
43,54
43,57
43,58
43,60
43,61
43,64
43,65
43,66
43,67
43,68
43,75
43,78
43,79
43,81
43,82
43,85
43,87
43,88
43,89
43,90
43,91
43,93
43,94
43,95
43,97
43,100
43,102
43,103
43,109
43,113
43,117
43,119
43,122
43,123
43,125
43,126
43,127
43,128
43,133
43,136
43,138
43,140
43,142
43,143
43,145
43,149
44,46
44,47
44,48
44,50
44,52
44,54
44,56
44,59
44,60
44,61
44,63
44,64
44,65
44,66
44,67
44,68
44,73
44,74
44,82
44,83
44,84
44,91
44,93
44,94
44,95
44,96
44,98
44,100
44,103
44,104
44,105
44,107
44,108
44,109
44,112
44,113
44,115
44,116
44,119
44,121
44,122
44,123
44,124
44,127
44,129
44,131
44,132
44,133
44,136
44,140
44,143
44,144
44,146
44,147
44,148
44,150
45,47
45,48
45,49
45,50
45,53
45,54
45,55
45,56
45,60
45,61
45,62
45,64
45,65
45,66
45,70
45,71
45,72
45,78
45,80
45,82
45,84
45,87
45,91
45,93
45,95
45,96
45,101
45,102
45,104
45,105
45,106
45,109
45,112
45,113
45,115
45,117
45,118
45,121
45,122
45,123
45,124
45,125
45,126
45,128
45,129
45,130
45,134
45,135
45,137
45,138
45,139
45,141
45,143
45,144
45,145
45,146
45,150
46,51
46,52
46,54
46,55
46,59
46,62
46,63
46,65
46,66
46,68
46,70
46,71
46,74
46,75
46,76
46,77
46,78
46,79
46,80
46,81
46,82
46,84
46,88
46,89
46,90
46,92
46,99
46,100
46,101
46,102
46,104
46,107
46,108
46,114
46,115
46,117
46,123
46,124
46,125
46,128
46,131
46,132
46,134
46,135
46,139
46,142
46,143
46,145
46,146
46,147
46,149
46,150
47,49
47,51
47,54
47,55
47,57
47,60
47,61
47,63
47,65
47,66
47,68
47,70
47,71
47,72
47,78
47,79
47,83
47,84
47,85
47,86
47,88
47,89
47,90
47,93
47,94
47,96
47,98
47,99
47,103
47,104
47,106
47,111
47,112
47,117
47,119
47,124
47,126
47,127
47,129
47,130
47,131
47,134
47,135
47,138
47,139
47,140
47,142
47,144
47,145
48,50
48,51
48,52
48,54
48,55
48,56
48,58
48,62
48,63
48,69
48,70
48,72
48,76
48,79
48,81
48,83
48,84
48,85
48,88
48,89
48,90
48,93
48,95
48,96
48,97
48,99
48,102
48,103
48,105
48,106
48,107
48,108
48,111
48,112
48,114
48,115
48,121
48,122
48,123
48,127
48,128
48,129
48,134
48,135
48,137
48,138
48,139
48,143
48,144
48,149
49,50
49,52
49,58
49,59
49,60
49,61
49,62
49,65
49,67
49,70
49,71
49,72
49,73
49,74
49,75
49,78
49,80
49,81
49,83
49,85
49,86
49,89
49,90
49,92
49,93
49,95
49,98
49,100
49,101
49,103
49,104
49,105
49,106
49,107
49,108
49,111
49,114
49,115
49,117
49,119
49,121
49,123
49,125
49,128
49,130
49,133
49,134
49,135
49,139
49,141
49,142
49,144
49,145
49,146
49,148
49,150
50,51
50,52
50,53
50,55
50,57
50,59
50,60
50,61
50,62
50,63
50,65
50,67
50,68
50,69
50,74
50,75
50,76
50,77
50,81
50,83
50,86
50,87
50,89
50,91
50,93
50,96
50,97
50,98
50,99
50,107
50,110
50,111
50,113
50,115
50,119
50,121
50,122
50,124
50,126
50,128
50,129
50,130
50,131
50,132
50,133
50,138
50,140
50,143
50,144
50,146
50,147
50,148
50,149
51,52
51,53
51,59
51,60
51,61
51,63
51,64
51,70
51,71
51,72
51,75
51,76
51,77
51,79
51,81
51,82
51,85
51,88
51,89
51,90
51,91
51,92
51,93
51,99
51,100
51,101
51,104
51,107
51,108
51,109
51,110
51,111
51,112
51,114
51,115
51,116
51,117
51,118
51,121
51,122
51,125
51,127
51,128
51,129
51,130
51,132
51,135
51,138
51,139
51,140
51,141
51,147
51,150
52,53
52,54
52,55
52,61
52,62
52,63
52,66
52,67
52,71
52,72
52,77
52,82
52,84
52,89
52,90
52,91
52,92
52,93
52,96
52,101
52,102
52,103
52,106
52,107
52,108
52,109
52,113
52,121
52,124
52,125
52,129
52,134
52,137
52,138
52,139
52,141
52,142
52,143
52,146
52,147
52,149
52,150
53,55
53,58
53,59
53,62
53,64
53,72
53,73
53,77
53,81
53,83
53,85
53,87
53,90
53,91
53,94
53,96
53,101
53,102
53,103
53,104
53,108
53,109
53,110
53,111
53,116
53,117
53,118
53,120
53,122
53,129
53,130
53,131
53,136
53,138
53,139
53,141
53,142
53,143
53,144
53,147
53,148
53,149
54,55
54,60
54,63
54,64
54,65
54,67
54,68
54,70
54,71
54,74
54,75
54,77
54,78
54,79
54,81
54,82
54,84
54,85
54,86
54,90
54,91
54,92
54,93
54,94
54,95
54,96
54,98
54,99
54,100
54,102
54,103
54,104
54,105
54,107
54,108
54,113
54,114
54,115
54,118
54,120
54,122
54,126
54,128
54,130
54,133
54,140
54,144
54,145
54,146
54,148
54,150
55,56
55,59
55,61
55,62
55,66
55,70
55,71
55,72
55,73
55,75
55,77
55,78
55,79
55,80
55,83
55,86
55,87
55,88
55,91
55,93
55,95
55,96
55,97
55,100
55,101
55,103
55,107
55,109
55,110
55,113
55,114
55,117
55,122
55,123
55,124
55,131
55,132
55,134
55,135
55,138
55,139
55,140
55,141
55,142
55,143
55,144
55,145
55,149
55,150
56,58
56,59
56,61
56,62
56,63
56,66
56,70
56,74
56,76
56,79
56,80
56,81
56,82
56,83
56,84
56,86
56,87
56,90
56,92
56,97
56,99
56,100
56,103
56,104
56,105
56,108
56,112
56,113
56,114
56,115
56,116
56,117
56,118
56,119
56,120
56,123
56,127
56,130
56,132
56,133
56,134
56,135
56,136
56,137
56,138
56,141
56,144
56,146
56,147
56,149
57,60
57,61
57,66
57,67
57,71
57,72
57,81
57,87
57,89
57,90
57,91
57,95
57,98
57,101
57,103
57,106
57,112
57,116
57,119
57,121
57,122
57,125
57,127
57,129
57,131
57,134
57,135
57,137
57,140
57,141
57,142
57,144
57,145
57,146
57,149
57,150
58,61
58,62
58,65
58,67
58,71
58,72
58,74
58,75
58,76
58,80
58,81
58,83
58,84
58,85
58,87
58,88
58,90
58,92
58,93
58,97
58,98
58,99
58,100
58,102
58,106
58,110
58,113
58,115
58,118
58,120
58,121
58,122
58,123
58,125
58,127
58,128
58,129
58,130
58,132
58,133
58,134
58,135
58,136
58,137
58,138
58,139
58,142
58,143
58,145
58,146
58,148
59,61
59,63
59,65
59,69
59,70
59,71
59,72
59,73
59,74
59,77
59,80
59,86
59,87
59,88
59,91
59,95
59,96
59,99
59,101
59,103
59,105
59,106
59,109
59,110
59,111
59,112
59,113
59,114
59,116
59,117
59,119
59,120
59,121
59,122
59,126
59,127
59,131
59,133
59,134
59,138
59,140
59,141
59,142
59,147
59,149
60,61
60,63
60,65
60,66
60,67
60,68
60,70
60,74
60,78
60,80
60,81
60,83
60,87
60,89
60,92
60,98
60,103
60,104
60,106
60,107
60,109
60,113
60,114
60,115
60,119
60,120
60,122
60,123
60,125
60,127
60,128
60,129
60,130
60,131
60,132
60,134
60,135
60,136
60,138
60,142
60,143
60,150
61,62
61,67
61,69
61,70
61,71
61,72
61,74
61,75
61,78
61,79
61,84
61,85
61,87
61,88
61,90
61,91
61,94
61,97
61,98
61,99
61,100
61,102
61,103
61,105
61,106
61,108
61,110
61,111
61,112
61,113
61,114
61,115
61,117
61,120
61,126
61,128
61,129
61,131
61,138
61,141
61,143
61,146
61,147
61,150
62,63
62,64
62,65
62,66
62,73
62,75
62,76
62,77
62,78
62,79
62,81
62,82
62,83
62,85
62,86
62,87
62,89
62,91
62,94
62,96
62,99
62,100
62,101
62,102
62,105
62,106
62,111
62,112
62,113
62,114
62,116
62,118
62,120
62,123
62,124
62,128
62,129
62,135
62,137
62,138
62,139
62,140
62,141
62,143
62,145
62,146
62,148
62,149
63,64
63,66
63,68
63,69
63,74
63,76
63,79
63,80
63,81
63,82
63,86
63,87
63,92
63,93
63,94
63,95
63,97
63,99
63,100
63,101
63,106
63,108
63,109
63,110
63,111
63,114
63,115
63,116
63,117
63,118
63,120
63,124
63,125
63,126
63,132
63,135
63,137
63,139
63,140
63,144
63,146
63,147
63,149
63,150
64,69
64,71
64,72
64,73
64,76
64,80
64,81
64,83
64,84
64,85
64,88
64,91
64,93
64,95
64,96
64,98
64,101
64,104
64,107
64,109
64,110
64,112
64,114
64,115
64,116
64,119
64,121
64,124
64,127
64,128
64,136
64,139
64,145
64,147
64,148
64,150
65,68
65,70
65,74
65,76
65,77
65,78
65,83
65,87
65,88
65,89
65,90
65,91
65,94
65,95
65,99
65,103
65,104
65,105
65,107
65,108
65,109
65,110
65,111
65,112
65,113
65,114
65,115
65,121
65,122
65,123
65,125
65,128
65,129
65,130
65,135
65,136
65,138
65,139
65,140
65,143
65,145
65,146
65,147
65,149
66,70
66,73
66,77
66,78
66,80
66,84
66,85
66,86
66,87
66,88
66,89
66,95
66,99
66,100
66,104
66,105
66,106
66,107
66,110
66,111
66,112
66,113
66,115
66,116
66,117
66,118
66,122
66,124
66,127
66,129
66,131
66,132
66,133
66,135
66,139
66,140
66,141
66,143
66,144
66,146
66,149
66,150
67,69
67,73
67,74
67,77
67,78
67,79
67,82
67,83
67,84
67,85
67,87
67,88
67,92
67,93
67,95
67,96
67,97
67,99
67,100
67,101
67,103
67,110
67,113
67,116
67,118
67,119
67,120
67,121
67,123
67,127
67,135
67,136
67,138
67,140
67,142
67,143
67,147
67,148
67,149
67,150
68,75
68,76
68,77
68,78
68,79
68,83
68,84
68,88
68,89
68,91
68,92
68,93
68,94
68,95
68,96
68,97
68,100
68,102
68,105
68,106
68,107
68,108
68,110
68,111
68,116
68,117
68,120
68,121
68,122
68,124
68,127
68,128
68,133
68,134
68,140
68,143
68,145
68,146
68,147
68,148
68,149
69,71
69,72
69,73
69,74
69,75
69,76
69,77
69,78
69,80
69,82
69,85
69,86
69,92
69,98
69,99
69,100
69,102
69,104
69,105
69,106
69,107
69,108
69,109
69,110
69,114
69,121
69,123
69,125
69,128
69,129
69,130
69,131
69,140
69,141
69,144
69,146
69,149
70,71
70,73
70,74
70,75
70,77
70,78
70,79
70,80
70,83
70,84
70,85
70,86
70,87
70,88
70,89
70,91
70,93
70,95
70,100
70,104
70,106
70,107
70,108
70,110
70,111
70,116
70,118
70,119
70,120
70,121
70,122
70,125
70,126
70,128
70,129
70,131
70,136
70,137
70,138
70,139
70,140
70,141
70,142
70,144
70,145
70,147
70,150
71,75
71,77
71,79
71,80
71,81
71,83
71,84
71,85
71,87
71,88
71,91
71,93
71,98
71,99
71,101
71,104
71,105
71,109
71,113
71,117
71,118
71,123
71,129
71,130
71,138
71,141
71,145
71,150
72,75
72,76
72,80
72,83
72,84
72,85
72,89
72,92
72,93
72,94
72,98
72,102
72,106
72,107
72,108
72,109
72,110
72,113
72,114
72,116
72,118
72,119
72,123
72,124
72,127
72,129
72,133
72,134
72,135
72,140
72,141
72,143
72,146
72,148
72,149
73,76
73,77
73,78
73,80
73,81
73,82
73,83
73,85
73,90
73,92
73,93
73,94
73,96
73,97
73,99
73,101
73,103
73,107
73,109
73,110
73,113
73,116
73,120
73,121
73,122
73,123
73,124
73,126
73,132
73,133
73,135
73,138
73,140
73,143
73,147
73,148
73,150
74,78
74,79
74,80
74,81
74,82
74,85
74,86
74,87
74,92
74,93
74,97
74,100
74,101
74,102
74,105
74,111
74,113
74,116
74,118
74,119
74,120
74,122
74,123
74,124
74,125
74,130
74,131
74,134
74,136
74,137
74,138
74,139
74,140
74,145
74,146
74,147
74,148
75,76
75,84
75,85
75,88
75,90
75,91
75,92
75,94
75,95
75,96
75,98
75,100
75,102
75,103
75,105
75,107
75,109
75,112
75,113
75,115
75,116
75,119
75,120
75,121
75,125
75,126
75,127
75,130
75,132
75,133
75,134
75,135
75,136
75,144
75,145
75,147
75,150
76,77
76,78
76,79
76,80
76,83
76,84
76,85
76,87
76,90
76,92
76,94
76,95
76,96
76,98
76,103
76,105
76,109
76,110
76,112
76,116
76,118
76,119
76,121
76,122
76,123
76,124
76,127
76,128
76,130
76,131
76,133
76,134
76,135
76,136
76,137
76,138
76,139
76,140
76,141
76,142
76,144
76,147
76,149
77,78
77,82
77,83
77,84
77,85
77,86
77,89
77,90
77,93
77,95
77,99
77,100
77,101
77,102
77,103
77,104
77,105
77,107
77,110
77,113
77,115
77,116
77,121
77,127
77,128
77,136
77,141
77,142
77,147
77,148
77,150
78,80
78,81
78,82
78,84
78,86
78,90
78,91
78,94
78,95
78,98
78,100
78,101
78,102
78,106
78,107
78,109
78,110
78,113
78,114
78,115
78,116
78,118
78,120
78,121
78,122
78,125
78,126
78,130
78,133
78,135
78,136
78,137
78,138
78,140
78,141
78,142
78,145
78,146
78,147
78,148
79,80
79,85
79,86
79,88
79,92
79,95
79,97
79,98
79,101
79,102
79,104
79,105
79,106
79,110
79,111
79,113
79,114
79,115
79,116
79,117
79,119
79,121
79,122
79,123
79,124
79,128
79,129
79,132
79,134
79,135
79,139
79,140
79,141
79,142
79,144
79,145
79,149
79,150
80,81
80,84
80,85
80,86
80,87
80,88
80,94
80,97
80,100
80,105
80,108
80,110
80,113
80,116
80,118
80,119
80,120
80,121
80,124
80,126
80,128
80,129
80,130
80,132
80,133
80,134
80,136
80,138
80,140
80,142
80,149
80,150
81,82
81,83
81,84
81,88
81,90
81,98
81,99
81,100
81,102
81,104
81,106
81,107
81,111
81,112
81,114
81,117
81,118
81,119
81,120
81,121
81,123
81,124
81,125
81,126
81,128
81,130
81,131
81,132
81,135
81,138
81,139
81,140
81,141
81,142
81,145
81,147
81,150
82,84
82,85
82,87
82,89
82,91
82,94
82,98
82,101
82,103
82,104
82,107
82,110
82,111
82,115
82,117
82,118
82,122
82,124
82,125
82,127
82,128
82,129
82,130
82,131
82,133
82,134
82,137
82,144
82,146
82,147
82,148
83,84
83,85
83,86
83,90
83,91
83,92
83,93
83,94
83,96
83,97
83,98
83,103
83,104
83,106
83,107
83,113
83,114
83,116
83,117
83,118
83,119
83,122
83,123
83,124
83,126
83,130
83,133
83,134
83,135
83,138
83,140
83,145
83,147
83,149
83,150
84,85
84,86
84,90
84,91
84,92
84,93
84,96
84,99
84,106
84,108
84,109
84,111
84,112
84,114
84,115
84,117
84,118
84,124
84,127
84,130
84,131
84,132
84,135
84,137
84,138
84,140
84,141
84,143
84,144
84,148
84,149
84,150
85,87
85,88
85,89
85,90
85,92
85,94
85,96
85,98
85,99
85,101
85,102
85,103
85,105
85,106
85,107
85,113
85,115
85,119
85,120
85,121
85,123
85,124
85,125
85,126
85,128
85,129
85,130
85,131
85,132
85,133
85,134
85,137
85,139
85,140
85,141
85,142
85,144
85,145
85,146
85,147
85,148
85,149
85,150
86,88
86,91
86,92
86,94
86,95
86,98
86,101
86,103
86,105
86,106
86,109
86,111
86,112
86,115
86,119
86,120
86,121
86,123
86,127
86,128
86,129
86,130
86,131
86,134
86,135
86,139
86,142
86,144
86,148
86,149
86,150
87,89
87,91
87,92
87,93
87,94
87,95
87,96
87,98
87,101
87,106
87,108
87,109
87,112
87,113
87,114
87,115
87,116
87,120
87,123
87,124
87,125
87,127
87,135
87,136
87,137
87,140
87,141
87,143
87,146
87,147
87,149
87,150
88,89
88,95
88,96
88,97
88,100
88,102
88,103
88,105
88,107
88,108
88,111
88,112
88,113
88,114
88,115
88,116
88,117
88,118
88,119
88,120
88,122
88,123
88,125
88,126
88,128
88,129
88,130
88,134
88,136
88,138
88,140
88,141
88,144
88,145
88,146
88,147
89,90
89,92
89,94
89,95
89,96
89,97
89,98
89,99
89,100
89,101
89,104
89,106
89,108
89,110
89,113
89,115
89,121
89,122
89,126
89,128
89,129
89,134
89,136
89,138
89,140
89,141
89,145
89,147
89,149
89,150
90,92
90,93
90,96
90,97
90,99
90,101
90,102
90,103
90,104
90,106
90,107
90,108
90,112
90,113
90,114
90,117
90,118
90,121
90,122
90,123
90,124
90,131
90,133
90,134
90,136
90,139
90,142
90,143
90,144
90,145
90,146
90,150
91,95
91,97
91,98
91,104
91,107
91,109
91,110
91,117
91,119
91,123
91,126
91,127
91,129
91,130
91,133
91,134
91,138
91,140
91,145
91,146
91,148
91,149
92,93
92,99
92,101
92,102
92,104
92,105
92,107
92,112
92,114
92,115
92,118
92,119
92,121
92,125
92,128
92,132
92,134
92,136
92,138
92,139
92,140
92,141
92,144
92,145
93,94
93,95
93,99
93,100
93,106
93,108
93,109
93,116
93,117
93,118
93,120
93,122
93,123
93,124
93,128
93,130
93,131
93,132
93,135
93,137
93,139
93,143
93,145
93,146
93,147
94,98
94,103
94,105
94,106
94,107
94,108
94,109
94,110
94,111
94,112
94,114
94,116
94,117
94,118
94,119
94,122
94,126
94,127
94,131
94,132
94,133
94,137
94,138
94,140
94,143
94,147
94,148
94,150
95,96
95,97
95,98
95,100
95,101
95,102
95,103
95,104
95,105
95,106
95,107
95,109
95,110
95,111
95,114
95,116
95,119
95,120
95,121
95,122
95,124
95,126
95,127
95,128
95,129
95,132
95,137
95,140
95,141
95,142
95,144
95,145
95,146
95,147
95,148
96,100
96,101
96,102
96,103
96,105
96,108
96,109
96,110
96,111
96,117
96,118
96,119
96,120
96,121
96,123
96,124
96,125
96,127
96,132
96,133
96,134
96,135
96,136
96,137
96,138
96,139
97,104
97,105
97,106
97,109
97,111
97,112
97,113
97,114
97,119
97,120
97,131
97,136
97,140
97,141
97,143
97,144
97,146
97,147
98,99
98,101
98,106
98,107
98,108
98,111
98,112
98,115
98,117
98,118
98,119
98,120
98,121
98,124
98,125
98,127
98,128
98,130
98,132
98,133
98,134
98,135
98,136
98,138
98,140
98,142
98,144
98,145
98,146
98,149
99,100
99,102
99,103
99,104
99,106
99,108
99,110
99,113
99,114
99,117
99,121
99,123
99,128
99,130
99,131
99,133
99,139
99,141
99,142
99,143
100,104
100,107
100,109
100,110
100,111
100,112
100,113
100,115
100,117
100,118
100,120
100,123
100,124
100,127
100,128
100,129
100,136
100,141
100,142
100,143
100,145
100,146
100,149
101,102
101,104
101,105
101,108
101,110
101,114
101,115
101,117
101,118
101,120
101,127
101,128
101,129
101,130
101,131
101,132
101,134
101,135
101,137
101,138
101,139
101,140
101,141
101,143
101,144
101,145
101,146
101,149
101,150
102,103
102,105
102,107
102,108
102,109
102,110
102,113
102,114
102,115
102,117
102,119
102,120
102,122
102,126
102,132
102,133
102,135
102,136
102,137
102,140
102,142
102,143
102,146
102,149
102,150
103,104
103,106
103,107
103,110
103,111
103,112
103,113
103,121
103,126
103,127
103,129
103,130
103,131
103,132
103,133
103,135
103,138
103,140
103,141
103,142
103,145
104,106
104,107
104,108
104,109
104,110
104,111
104,116
104,118
104,120
104,122
104,124
104,127
104,129
104,131
104,132
104,137
104,143
104,144
104,145
104,146
105,106
105,108
105,110
105,111
105,118
105,121
105,124
105,127
105,129
105,131
105,132
105,137
105,138
105,139
105,141
105,143
105,144
105,145
105,147
105,149
105,150
106,109
106,110
106,117
106,120
106,122
106,123
106,129
106,131
106,133
106,134
106,136
106,137
106,138
106,139
106,140
106,142
106,143
106,146
106,147
106,148
106,149
106,150
107,109
107,113
107,114
107,119
107,120
107,121
107,123
107,124
107,126
107,128
107,129
107,134
107,136
107,137
107,139
107,141
107,144
107,146
107,147
107,148
108,112
108,113
108,114
108,115
108,117
108,118
108,119
108,122
108,123
108,124
108,127
108,129
108,131
108,132
108,133
108,134
108,136
108,143
108,146
108,148
108,149
109,110
109,112
109,113
109,116
109,119
109,121
109,122
109,123
109,124
109,126
109,129
109,132
109,134
109,135
109,138
109,140
109,143
109,144
109,145
109,146
109,150
110,113
110,114
110,115
110,116
110,117
110,120
110,121
110,123
110,124
110,126
110,127
110,128
110,131
110,132
110,133
110,134
110,135
110,137
110,140
110,142
110,143
110,144
110,146
110,148
110,149
110,150
111,112
111,113
111,117
111,118
111,119
111,120
111,121
111,122
111,123
111,128
111,129
111,130
111,131
111,133
111,135
111,136
111,139
111,141
111,142
111,143
111,144
111,145
111,147
111,149
112,113
112,114
112,115
112,116
112,118
112,119
112,121
112,122
112,124
112,125
112,126
112,128
112,129
112,130
112,132
112,134
112,136
112,138
112,141
112,142
112,143
112,144
112,146
112,147
112,149
112,150
113,117
113,118
113,120
113,121
113,129
113,130
113,133
113,134
113,136
113,139
113,140
113,141
113,142
113,144
113,145
113,146
113,148
113,149
113,150
114,115
114,118
114,119
114,122
114,123
114,125
114,126
114,131
114,133
114,136
114,138
114,139
114,141
114,142
114,145
115,116
115,117
115,118
115,119
115,123
115,129
115,130
115,132
115,133
115,136
115,137
115,138
115,144
115,146
115,147
115,149
115,150
116,119
116,121
116,124
116,125
116,126
116,129
116,130
116,131
116,134
116,135
116,138
116,139
116,140
116,142
116,148
116,150
117,119
117,120
117,121
117,124
117,126
117,128
117,129
117,130
117,132
117,133
117,134
117,137
117,138
117,139
117,140
117,142
117,144
117,146
117,147
117,149
118,123
118,124
118,125
118,126
118,128
118,130
118,131
118,132
118,135
118,137
118,146
118,147
118,149
119,128
119,129
119,130
119,131
119,134
119,135
119,143
119,145
119,149
120,122
120,123
120,125
120,126
120,127
120,130
120,133
120,135
120,137
120,138
120,139
120,140
120,141
120,143
120,146
120,148
120,149
120,150
121,122
121,126
121,127
121,129
121,133
121,134
121,138
121,139
121,142
121,145
121,149
122,125
122,127
122,128
122,129
122,130
122,133
122,134
122,139
122,141
122,143
122,145
122,146
122,150
123,126
123,128
123,129
123,132
123,133
123,134
123,135
123,136
123,137
123,143
123,145
123,148
123,149
124,133
124,137
124,138
124,141
124,142
124,143
124,147
124,149
124,150
125,127
125,128
125,131
125,136
125,137
125,138
125,140
125,141
125,147
125,148
125,149
125,150
126,127
126,129
126,131
126,132
126,133
126,134
126,135
126,141
126,144
126,145
126,146
126,149
127,128
127,129
127,132
127,134
127,137
127,139
127,141
127,143
127,146
127,149
128,130
128,133
128,134
128,135
128,136
128,137
128,140
128,141
128,142
128,145
128,146
128,148
128,150
129,130
129,131
129,132
129,133
129,136
129,138
129,139
129,140
129,142
129,143
129,146
129,149
129,150
130,131
130,133
130,135
130,136
130,137
130,139
130,142
130,143
130,144
130,146
130,147
130,149
130,150
131,132
131,135
131,137
131,141
131,143
131,144
131,145
131,147
131,150
132,133
132,135
132,138
132,139
132,141
132,143
132,144
132,145
132,147
132,150
133,134
133,135
133,136
133,137
133,141
133,143
133,145
133,146
133,149
134,135
134,137
134,139
134,140
134,142
134,143
134,146
134,147
134,148
134,149
135,136
135,138
135,139
135,140
135,141
135,144
135,147
135,149
135,150
136,139
136,140
136,142
136,144
136,145
136,148
136,149
137,138
137,139
137,141
137,142
137,143
137,144
137,146
137,147
137,148
137,150
138,139
138,142
138,143
138,144
138,146
138,147
138,150
139,144
139,145
139,148
139,149
139,150
140,141
140,142
140,149
141,142
141,143
141,144
141,147
141,148
142,143
142,144
142,145
142,146
143,147
143,149
144,145
144,147
144,149
145,148
145,149
146,147
146,150
147,148
147,149
147,150
148,150
149,150
