400
40
800
1,22
2,6
3,22
4,12
5,9
6,37
7,12
8,31
9,25
10,1
11,12
12,14
13,36
14,16
15,33
16,12
17,18
18,35
19,40
20,1
21,27
22,31
23,20
24,20
25,26
26,11
27,17
28,39
29,29
30,6
31,11
32,20
33,4
34,27
35,33
36,15
37,5
38,21
39,16
40,33
41,37
42,12
43,34
44,25
45,13
46,40
47,30
48,8
49,18
50,14
51,5
52,14
53,17
54,36
55,31
56,18
57,3
58,7
59,19
60,30
61,18
62,1
63,10
64,30
65,24
66,6
67,16
68,24
69,18
70,6
71,6
72,16
73,28
74,13
75,11
76,2
77,26
78,39
79,26
80,4
81,1
82,4
83,13
84,16
85,31
86,13
87,16
88,31
89,2
90,22
91,13
92,39
93,17
94,3
95,4
96,33
97,30
98,30
99,8
100,12
101,23
102,35
103,4
104,27
105,12
106,4
107,37
108,27
109,28
110,26
111,3
112,28
113,36
114,26
115,12
116,36
117,3
118,32
119,16
120,16
121,15
122,15
123,33
124,34
125,25
126,20
127,28
128,10
129,28
130,20
131,40
132,34
133,36
134,15
135,28
136,10
137,10
138,30
139,10
140,25
141,1
142,7
143,21
144,40
145,16
146,21
147,15
148,8
149,40
150,26
151,2
152,6
153,30
154,38
155,16
156,19
157,15
158,29
159,18
160,22
161,17
162,8
163,13
164,36
165,40
166,19
167,15
168,18
169,19
170,23
171,34
172,31
173,34
174,24
175,3
176,30
177,29
178,32
179,17
180,8
181,29
182,1
183,31
184,37
185,4
186,40
187,2
188,22
189,23
190,15
191,5
192,1
193,22
194,20
195,2
196,3
197,3
198,37
199,28
200,20
201,25
202,37
203,39
204,26
205,3
206,4
207,1
208,36
209,1
210,9
211,14
212,1
213,22
214,7
215,27
216,31
217,33
218,37
219,31
220,27
221,4
222,29
223,4
224,27
225,26
226,6
227,8
228,10
229,33
230,16
231,25
232,3
233,3
234,25
235,36
236,30
237,15
238,20
239,18
240,36
241,32
242,4
243,34
244,15
245,17
246,26
247,28
248,34
249,1
250,14
251,33
252,21
253,22
254,23
255,18
256,35
257,31
258,13
259,23
260,28
261,21
262,21
263,35
264,8
265,39
266,10
267,6
268,11
269,31
270,4
271,28
272,3
273,6
274,20
275,8
276,8
277,11
278,35
279,20
280,16
281,12
282,18
283,16
284,17
285,2
286,5
287,30
288,35
289,33
290,21
291,19
292,9
293,37
294,21
295,36
296,30
297,23
298,20
299,31
300,15
301,27
302,20
303,10
304,32
305,27
306,27
307,21
308,23
309,17
310,23
311,1
312,4
313,9
314,38
315,34
316,6
317,35
318,27
319,23
320,15
321,24
322,4
323,21
324,8
325,1
326,28
327,3
328,21
329,29
330,2
331,24
332,34
333,19
334,19
335,18
336,22
337,38
338,40
339,5
340,30
341,36
342,7
343,12
344,19
345,30
346,22
347,1
348,16
349,25
350,30
351,8
352,10
353,17
354,30
355,22
356,15
357,10
358,37
359,26
360,37
361,21
362,34
363,30
364,29
365,20
366,24
367,13
368,10
369,12
370,20
371,10
372,31
373,8
374,9
375,17
376,22
377,8
378,16
379,7
380,32
381,17
382,32
383,9
384,16
385,26
386,9
387,15
388,25
389,4
390,38
391,18
392,2
393,21
394,13
395,31
396,3
397,2
398,10
399,27
400,10
1,188
1,296
1,388
2,128
2,155
2,183
2,199
3,34
3,93
3,157
3,329
4,7
4,47
4,293
5,170
5,199
5,297
5,358
6,27
6,190
6,246
6,394
8,16
8,81
8,85
8,214
8,297
8,349
9,95
9,330
9,374
10,96
10,223
10,230
10,237
10,263
10,293
10,305
10,348
11,291
11,338
12,109
12,156
12,261
13,31
13,47
13,66
13,80
13,203
14,124
14,164
14,244
14,296
14,334
14,377
15,21
15,49
15,138
15,139
15,219
15,292
15,336
16,286
16,329
16,369
17,76
17,92
18,134
18,140
18,154
18,172
18,268
18,355
19,87
19,319
19,369
19,393
20,31
20,309
20,340
21,52
21,114
21,237
21,243
21,366
22,171
22,281
23,151
23,176
23,274
23,329
23,352
24,202
24,377
25,40
25,62
25,97
25,174
25,254
25,329
26,63
26,97
26,124
26,214
26,351
27,298
27,345
28,130
28,157
29,65
29,77
29,142
29,245
29,368
29,390
30,121
30,133
30,147
30,219
30,252
31,138
31,358
31,360
32,156
32,189
32,192
32,259
32,289
33,60
33,131
34,116
35,179
35,275
35,376
36,46
36,285
37,94
37,129
37,221
37,255
37,359
38,314
39,152
39,275
39,340
39,384
40,160
40,219
41,231
41,344
42,300
43,140
43,314
44,82
44,335
44,381
44,386
45,105
45,128
45,157
45,263
46,93
47,103
47,124
47,155
47,173
47,188
48,136
48,179
48,189
49,69
50,70
50,248
50,276
50,296
50,318
50,319
51,173
52,163
52,277
53,100
53,320
54,196
54,230
54,334
55,146
55,211
55,280
55,363
56,72
56,85
56,300
56,355
57,276
57,338
57,353
58,104
58,178
58,198
58,233
58,345
58,365
59,71
59,380
59,382
60,202
60,354
60,395
61,86
61,195
61,305
61,316
61,321
61,384
62,112
62,211
63,95
63,108
63,130
63,348
63,380
64,71
64,91
64,129
64,171
64,180
64,191
65,200
66,205
66,219
66,253
66,378
66,387
67,108
67,229
67,275
67,399
68,376
68,382
69,143
70,270
70,335
71,92
72,155
73,140
73,397
74,204
74,369
75,89
75,196
75,243
75,248
76,264
76,361
76,384
77,170
77,177
77,241
77,357
78,199
78,234
78,353
79,181
79,305
79,315
79,346
80,144
80,253
80,331
81,84
81,112
81,273
81,298
81,312
81,314
81,332
82,126
82,166
82,304
82,395
82,398
83,281
83,297
84,309
84,369
85,92
85,115
85,198
85,310
85,393
86,99
86,350
87,125
87,328
88,139
88,242
88,369
89,171
89,323
90,194
90,300
91,109
91,116
91,141
91,212
91,216
91,256
91,305
92,234
92,356
92,362
93,206
94,188
94,236
95,109
95,217
95,250
95,311
95,336
97,129
98,212
98,218
98,230
98,241
98,334
99,326
99,398
100,251
101,376
102,381
103,287
104,385
104,398
105,157
106,118
106,122
106,197
106,366
106,391
107,135
107,206
107,257
108,279
108,331
108,373
108,397
109,191
109,226
109,239
109,291
109,364
110,382
110,390
111,113
112,268
112,309
112,345
113,147
113,184
113,221
113,273
113,384
114,188
114,275
114,303
114,319
114,325
115,311
116,136
116,157
116,166
117,186
117,286
117,343
118,355
118,398
119,146
119,149
119,337
120,205
120,263
120,270
121,122
121,195
122,211
122,280
122,359
123,143
123,144
123,165
123,261
123,262
123,279
123,329
123,359
124,125
124,224
124,359
124,378
125,167
125,198
125,330
126,354
127,161
127,164
127,239
128,260
129,220
129,371
130,228
130,248
131,190
131,219
131,389
132,313
132,353
133,267
133,288
134,198
136,168
136,333
137,204
137,356
138,141
138,274
138,355
139,158
139,196
139,277
139,291
140,303
140,354
141,202
141,363
142,217
142,281
142,349
142,383
143,157
143,172
143,267
143,282
144,149
144,277
145,186
145,236
146,208
146,391
147,240
147,317
148,264
148,319
149,266
149,303
149,333
150,304
150,376
151,225
151,269
151,290
151,326
152,305
153,223
153,371
154,238
154,293
154,314
154,361
155,201
156,247
156,321
156,329
157,331
158,179
158,184
158,187
158,233
158,259
158,378
159,201
159,231
159,279
159,360
160,187
160,324
161,217
161,223
161,267
161,335
162,237
163,259
163,297
164,216
164,313
164,390
165,174
165,207
165,389
166,192
166,398
167,193
167,343
168,169
168,171
168,217
168,357
168,371
168,374
169,185
169,293
169,377
170,177
170,212
170,264
170,346
171,195
171,293
171,297
171,300
171,309
172,381
175,267
175,310
175,328
175,368
177,199
177,246
177,298
177,300
177,309
178,275
178,335
179,188
179,327
180,286
180,293
180,333
180,347
180,357
181,265
182,197
182,243
182,261
182,333
182,384
183,237
183,242
183,305
184,199
186,208
187,193
187,201
187,315
188,258
189,198
189,286
189,314
191,250
191,323
191,393
192,211
193,206
193,260
193,359
193,367
194,240
194,328
194,363
195,223
195,239
195,246
195,292
195,300
195,329
196,247
196,299
196,302
196,313
196,332
197,288
199,223
200,224
200,286
202,275
202,315
202,325
203,287
203,367
204,249
205,222
205,243
205,266
205,330
205,386
205,388
206,255
206,257
206,349
206,355
206,381
207,322
208,235
208,285
208,327
208,392
209,286
209,325
209,349
210,243
210,320
210,350
212,309
212,361
212,362
213,309
213,323
213,332
213,340
213,360
213,381
214,224
215,305
216,273
216,359
217,280
218,235
218,284
218,304
219,233
219,241
219,266
219,277
219,376
220,278
220,357
222,308
222,338
223,279
223,373
224,234
224,267
224,328
225,230
226,327
226,368
227,314
228,248
228,298
228,302
230,319
230,336
231,261
232,361
232,370
234,298
234,357
234,385
235,265
235,304
235,390
237,245
238,298
239,310
240,335
240,395
241,323
241,386
242,327
242,346
242,364
244,394
246,343
246,382
247,397
248,289
248,296
249,330
249,352
249,359
250,293
250,305
250,348
251,285
251,344
251,380
252,306
254,283
256,308
257,300
258,322
258,345
259,380
260,269
261,317
261,340
261,363
261,375
262,268
262,353
265,300
266,295
266,330
266,395
267,280
267,346
267,384
268,372
270,272
270,280
270,329
270,351
271,354
271,400
272,277
273,348
275,361
277,375
277,379
277,380
278,326
278,357
278,394
280,302
281,327
283,312
284,309
284,341
284,369
284,393
286,341
288,341
289,309
289,323
289,389
290,298
290,344
292,351
292,359
293,340
294,302
296,305
296,312
296,400
297,337
297,377
297,387
297,394
298,369
300,301
300,326
300,342
301,313
302,335
303,308
306,330
306,345
307,395
308,326
309,310
309,328
310,378
311,376
311,391
312,375
312,383
314,349
314,359
316,321
316,359
318,371
320,369
324,357
325,333
325,349
325,377
326,346
328,379
329,363
329,399
331,366
331,376
337,389
338,353
339,394
343,380
346,377
347,366
348,387
350,386
353,356
353,360
353,394
353,397
355,366
359,394
362,396
363,383
365,370
379,382
394,398
