800
400
880
1,111
2,242
3,176
4,294
5,145
6,320
7,207
8,291
9,75
10,47
11,115
12,150
13,129
14,308
15,128
16,231
17,371
18,324
19,38
20,260
21,399
22,168
23,55
24,264
25,292
26,264
27,244
28,110
29,105
30,23
31,60
32,71
33,23
34,377
35,193
36,388
37,222
38,49
39,84
40,331
41,190
42,19
43,14
44,163
45,367
46,237
47,344
48,142
49,54
50,91
51,374
52,161
53,56
54,11
55,342
56,355
57,48
58,10
59,204
60,170
61,256
62,43
63,188
64,299
65,277
66,28
67,270
68,306
69,120
70,138
71,226
72,282
73,90
74,315
75,131
76,166
77,169
78,328
79,165
80,184
81,89
82,269
83,216
84,190
85,275
86,214
87,334
88,323
89,318
90,284
91,129
92,245
93,309
94,321
95,207
96,256
97,243
98,95
99,216
100,375
101,160
102,219
103,156
104,255
105,12
106,337
107,120
108,212
109,16
110,121
111,360
112,349
113,18
114,214
115,228
116,29
117,297
118,396
119,220
120,157
121,72
122,104
123,232
124,339
125,184
126,85
127,246
128,161
129,303
130,257
131,371
132,393
133,307
134,370
135,151
136,236
137,57
138,284
139,351
140,125
141,185
142,375
143,294
144,88
145,124
146,296
147,252
148,50
149,324
150,81
151,319
152,373
153,126
154,173
155,266
156,92
157,201
158,197
159,132
160,289
161,65
162,186
163,391
164,115
165,340
166,381
167,326
168,118
169,92
170,299
171,39
172,41
173,16
174,233
175,90
176,156
177,168
178,7
179,94
180,262
181,194
182,156
183,64
184,368
185,200
186,241
187,184
188,95
189,74
190,276
191,199
192,340
193,147
194,302
195,254
196,243
197,336
198,180
199,37
200,111
201,45
202,123
203,4
204,43
205,211
206,296
207,44
208,327
209,114
210,144
211,13
212,398
213,142
214,334
215,253
216,64
217,57
218,237
219,296
220,343
221,336
222,44
223,172
224,332
225,258
226,86
227,40
228,124
229,313
230,369
231,205
232,334
233,366
234,301
235,357
236,83
237,154
238,2
239,333
240,225
241,32
242,351
243,106
244,246
245,121
246,298
247,356
248,215
249,64
250,27
251,140
252,74
253,98
254,281
255,234
256,341
257,230
258,109
259,114
260,9
261,164
262,75
263,113
264,22
265,308
266,67
267,384
268,221
269,24
270,55
271,388
272,13
273,247
274,288
275,166
276,56
277,4
278,187
279,269
280,84
281,8
282,308
283,133
284,322
285,119
286,315
287,379
288,278
289,202
290,94
291,108
292,104
293,112
294,354
295,310
296,127
297,230
298,189
299,179
300,80
301,3
302,81
303,235
304,293
305,191
306,369
307,68
308,130
309,35
310,146
311,177
312,226
313,56
314,65
315,95
316,40
317,387
318,330
319,227
320,102
321,354
322,1
323,167
324,101
325,108
326,314
327,32
328,287
329,184
330,311
331,38
332,261
333,169
334,289
335,224
336,360
337,276
338,339
339,306
340,134
341,253
342,280
343,32
344,19
345,137
346,174
347,291
348,145
349,246
350,7
351,373
352,292
353,256
354,202
355,390
356,365
357,85
358,249
359,121
360,359
361,239
362,305
363,358
364,323
365,62
366,229
367,128
368,256
369,400
370,99
371,11
372,125
373,200
374,133
375,243
376,220
377,209
378,171
379,364
380,274
381,233
382,7
383,344
384,388
385,84
386,127
387,398
388,194
389,138
390,276
391,135
392,153
393,13
394,159
395,345
396,196
397,313
398,89
399,261
400,47
401,175
402,362
403,82
404,298
405,23
406,266
407,262
408,104
409,250
410,383
411,123
412,106
413,131
414,167
415,77
416,76
417,159
418,332
419,371
420,119
421,149
422,385
423,161
424,64
425,395
426,145
427,106
428,152
429,54
430,98
431,279
432,11
433,312
434,218
435,117
436,259
437,183
438,273
439,286
440,265
441,32
442,158
443,338
444,79
445,198
446,234
447,89
448,47
449,344
450,217
451,102
452,289
453,34
454,100
455,284
456,35
457,47
458,27
459,194
460,261
461,258
462,29
463,187
464,196
465,109
466,73
467,129
468,183
469,398
470,356
471,299
472,328
473,341
474,49
475,77
476,300
477,36
478,170
479,205
480,324
481,30
482,139
483,188
484,206
485,33
486,361
487,216
488,254
489,369
490,113
491,42
492,234
493,61
494,107
495,316
496,117
497,140
498,54
499,112
500,20
501,83
502,330
503,314
504,344
505,308
506,273
507,98
508,387
509,62
510,82
511,203
512,127
513,300
514,244
515,338
516,312
517,379
518,30
519,344
520,181
521,277
522,230
523,70
524,60
525,227
526,261
527,286
528,333
529,253
530,380
531,11
532,373
533,75
534,136
535,25
536,31
537,317
538,2
539,238
540,191
541,40
542,386
543,149
544,132
545,149
546,163
547,205
548,7
549,59
550,394
551,327
552,61
553,58
554,328
555,148
556,148
557,39
558,93
559,9
560,397
561,6
562,389
563,120
564,89
565,164
566,279
567,102
568,287
569,366
570,324
571,78
572,1
573,176
574,141
575,70
576,246
577,263
578,52
579,30
580,226
581,26
582,284
583,299
584,87
585,57
586,321
587,76
588,70
589,278
590,182
591,248
592,334
593,8
594,347
595,268
596,200
597,170
598,338
599,197
600,335
601,237
602,313
603,372
604,157
605,103
606,15
607,58
608,281
609,247
610,276
611,60
612,37
613,341
614,360
615,321
616,250
617,212
618,52
619,76
620,267
621,135
622,361
623,240
624,96
625,143
626,380
627,269
628,281
629,333
630,250
631,372
632,93
633,130
634,72
635,329
636,190
637,178
638,149
639,217
640,111
641,318
642,203
643,282
644,192
645,66
646,180
647,264
648,359
649,132
650,195
651,246
652,254
653,283
654,97
655,382
656,291
657,285
658,308
659,70
660,295
661,346
662,233
663,131
664,63
665,350
666,155
667,76
668,50
669,38
670,186
671,377
672,17
673,306
674,392
675,115
676,281
677,297
678,143
679,116
680,352
681,387
682,215
683,171
684,177
685,271
686,273
687,223
688,364
689,47
690,140
691,251
692,234
693,274
694,165
695,72
696,220
697,208
698,313
699,101
700,270
701,393
702,353
703,179
704,258
705,31
706,304
707,342
708,191
709,92
710,271
711,223
712,290
713,193
714,322
715,105
716,380
717,225
718,166
719,231
720,232
721,166
722,213
723,21
724,10
725,298
726,179
727,259
728,221
729,327
730,116
731,53
732,363
733,301
734,14
735,98
736,5
737,350
738,88
739,52
740,298
741,376
742,1
743,19
744,109
745,289
746,392
747,211
748,360
749,46
750,106
751,270
752,103
753,254
754,60
755,23
756,282
757,375
758,58
759,11
760,348
761,184
762,41
763,200
764,48
765,51
766,162
767,97
768,72
769,143
770,158
771,137
772,304
773,378
774,263
775,122
776,257
777,160
778,376
779,180
780,303
781,297
782,324
783,349
784,325
785,99
786,280
787,386
788,210
789,121
790,272
791,69
792,394
793,41
794,334
795,43
796,19
797,328
798,46
799,255
800,110
1,25
2,286
3,97
3,253
4,40
4,295
5,377
6,595
7,322
8,563
9,430
10,297
10,746
11,24
11,228
11,437
12,560
13,98
13,145
13,286
13,624
14,177
15,542
15,745
16,396
17,64
17,256
17,507
18,359
19,523
20,188
20,450
21,306
21,479
22,647
23,585
24,105
24,251
24,264
24,611
25,118
25,169
25,192
26,379
26,749
27,173
28,53
28,414
29,128
29,157
29,281
29,444
29,528
29,632
30,371
30,450
30,540
30,777
31,195
31,234
31,292
31,407
31,772
31,786
32,251
32,541
33,510
34,324
34,454
35,585
36,673
37,161
37,571
37,793
38,51
39,287
40,447
40,569
40,669
41,305
42,370
42,798
43,64
43,91
44,531
44,541
44,577
44,701
45,356
46,326
46,544
46,594
47,773
48,189
48,285
49,409
49,676
50,132
50,251
50,411
50,587
50,774
51,369
51,500
52,313
53,472
53,606
54,79
55,476
56,124
56,383
57,115
57,174
57,196
57,606
57,766
58,667
58,677
59,675
60,133
60,224
60,317
61,689
62,188
62,388
62,722
63,684
64,160
64,511
64,549
65,138
65,148
65,476
65,571
66,424
67,104
67,280
67,358
67,378
67,699
68,415
69,259
70,186
70,242
70,722
71,279
71,289
72,299
72,559
73,461
74,442
74,458
74,722
75,294
76,756
77,200
77,218
78,246
79,394
80,760
81,307
82,133
83,122
83,560
84,636
85,277
85,753
86,129
86,577
87,92
87,444
87,669
88,303
88,737
89,171
89,518
90,168
90,650
90,787
92,123
93,669
93,682
94,768
95,389
95,681
96,434
97,243
97,359
97,703
98,175
98,262
98,370
98,432
98,626
99,702
100,615
101,167
101,276
101,361
101,485
102,199
103,316
103,423
104,269
105,255
106,332
107,258
107,693
108,575
109,154
109,303
109,382
110,263
110,405
111,347
111,720
112,115
113,620
113,677
114,158
114,220
114,573
114,616
114,668
115,248
115,396
115,590
116,134
116,775
117,127
117,424
117,430
117,432
117,508
119,497
119,597
120,408
121,360
121,529
123,135
123,376
125,151
126,664
127,455
128,311
128,359
128,370
128,519
128,557
128,631
128,754
130,162
130,576
131,299
134,437
136,700
137,214
137,267
137,625
138,310
138,356
138,423
138,446
139,584
140,181
140,640
141,296
141,359
141,682
142,367
143,300
143,384
143,439
144,157
145,447
145,475
145,671
146,419
147,781
149,175
149,771
150,294
150,374
151,736
151,770
152,244
153,335
153,690
154,416
154,634
155,410
155,469
155,617
155,711
156,659
159,284
160,165
160,551
161,579
162,166
162,167
162,306
162,411
162,581
162,689
162,698
163,587
164,601
166,178
166,751
166,765
167,621
168,280
168,532
169,335
169,447
170,595
170,732
171,422
172,184
172,434
172,482
172,622
173,572
175,275
176,655
177,706
179,248
180,720
181,692
182,598
183,298
183,338
184,198
184,283
184,328
184,395
184,443
185,209
186,334
186,593
187,249
188,725
189,202
189,348
189,398
189,465
189,598
189,655
190,221
190,287
190,379
190,478
191,230
191,644
192,390
192,413
193,373
193,684
194,752
195,250
196,290
196,464
197,457
198,749
199,448
200,601
200,629
201,490
203,792
204,626
205,417
206,262
207,208
207,612
209,312
209,787
210,239
210,419
210,490
210,659
211,606
212,677
213,369
213,522
214,323
214,565
214,764
215,598
216,327
216,480
217,222
217,295
218,226
218,391
218,711
219,410
219,556
223,308
223,377
223,452
223,800
225,335
227,581
229,370
230,313
230,554
231,641
232,735
233,270
233,625
233,663
234,441
234,554
234,746
235,465
235,738
236,420
236,518
237,755
238,243
239,363
239,401
239,769
240,626
241,286
242,273
243,721
244,255
244,296
244,322
244,596
244,639
245,430
246,650
247,254
247,268
247,293
247,372
248,408
248,445
248,563
249,704
251,289
251,358
251,688
251,704
251,716
251,744
252,315
252,665
252,675
253,282
253,318
253,436
253,532
254,513
254,573
254,578
254,613
254,729
255,551
257,387
258,548
259,476
260,290
260,429
260,434
260,564
261,594
262,674
264,271
264,299
264,412
264,482
264,712
265,284
266,777
268,567
270,565
270,570
270,765
271,331
271,399
271,402
271,645
271,732
272,277
272,602
272,712
272,768
273,293
273,497
273,684
274,368
275,599
276,367
277,379
277,588
278,332
278,413
279,366
280,330
283,627
284,462
284,535
284,733
285,537
287,488
287,509
287,713
288,532
289,418
289,612
291,410
291,794
292,308
292,309
292,692
292,777
294,431
294,582
295,549
295,795
299,652
301,787
302,413
302,453
302,692
304,375
305,423
305,735
306,417
306,701
307,677
308,413
313,383
313,395
314,408
317,744
318,788
319,615
319,711
320,429
321,659
322,796
323,406
323,574
323,709
325,669
327,741
328,559
329,444
330,722
331,491
332,707
333,774
335,454
336,349
336,448
337,486
337,590
337,677
338,368
338,471
339,500
339,700
340,770
341,393
342,385
342,633
343,671
344,653
344,730
345,497
345,600
346,348
348,409
348,532
348,705
350,362
350,545
351,780
352,374
353,663
354,356
354,519
354,590
354,623
355,663
355,688
355,738
356,512
356,781
357,641
357,658
357,693
357,748
358,500
358,549
358,572
358,592
358,733
359,741
359,776
360,622
360,758
363,421
363,618
364,473
365,686
367,410
367,514
368,386
368,790
370,504
370,545
370,595
370,686
370,770
374,445
375,420
375,566
375,784
379,432
379,648
380,427
380,578
381,688
382,554
383,742
384,664
385,411
387,458
387,741
388,489
389,413
389,743
390,666
391,475
391,761
392,462
392,500
393,457
394,432
394,489
394,543
395,704
397,590
397,705
399,601
400,535
402,728
403,668
404,606
405,428
405,733
406,438
406,633
406,719
409,505
409,510
409,519
409,560
409,646
410,502
410,542
411,773
413,603
413,680
413,690
413,711
413,727
415,432
415,444
415,471
415,581
415,637
416,643
417,473
417,786
422,545
423,527
424,487
425,633
425,768
425,798
426,433
426,563
429,456
432,574
432,755
435,767
440,608
440,612
440,679
440,780
442,503
442,619
444,748
445,605
445,610
445,737
447,609
447,667
448,500
448,666
448,697
449,720
451,550
452,685
454,474
456,521
456,680
457,586
457,769
458,760
459,646
460,623
460,691
461,659
461,680
463,774
463,782
466,583
466,620
466,643
467,729
468,629
469,534
470,560
471,580
471,761
473,517
473,574
477,659
479,565
481,573
482,582
483,553
484,677
487,538
492,622
493,668
494,535
495,575
496,697
498,790
499,746
499,752
500,519
500,577
501,729
505,517
505,706
505,797
506,675
506,724
512,769
515,579
516,636
518,551
519,711
520,632
522,565
523,705
524,604
524,724
525,558
526,559
530,691
530,750
533,762
534,697
535,575
536,541
537,563
537,568
537,661
537,750
538,597
539,571
540,789
541,647
541,673
541,722
546,748
547,639
550,613
552,774
553,629
555,716
555,722
557,607
558,577
561,761
562,578
562,583
562,799
563,628
564,683
565,664
565,687
565,696
572,762
573,574
573,591
573,678
577,767
583,612
584,599
584,601
585,785
589,774
594,657
594,704
594,718
595,704
595,782
600,699
602,635
605,670
606,726
606,772
607,675
607,691
607,744
607,763
608,633
614,740
617,792
621,710
629,653
630,798
636,739
637,708
637,778
638,722
642,740
648,668
649,790
651,767
654,781
654,788
656,775
659,756
660,791
661,742
662,663
664,723
672,793
675,695
675,779
677,746
679,749
685,746
688,730
691,721
694,697
697,787
698,757
701,800
702,704
704,731
704,784
706,775
710,785
714,717
715,753
717,774
720,763
734,740
739,770
740,744
744,785
746,759
747,777
755,783
758,769
791,792
